data/CTD/원시자료/20220816-0817_현장조사/20220816-0817_CTD/St.1.cnv
* Sea-Bird SBE 19plus V2 Data File:
* FileName = D:\CTD\DATA\20220816-20220818_MABIC\St.1.hex
* Software Version Seasave V 7.26.7.121
* Temperature SN = 7832
* Conductivity SN = 7832
* System UpLoad Time = Aug 16 2022 16:13:56
** Ship:
** Station:
** Operator:
# nquan = 11
# nvalues = 1966                                  
# units = specified
# name 0 = depSM: Depth [salt water, m], lat = 0.00
# name 1 = tv290C: Temperature [ITS-90, deg C]
# name 2 = sal00: Salinity, Practical [PSU]
# name 3 = sbeox0PS: Oxygen, SBE 43 [% saturation]
# name 4 = ph: pH
# name 5 = turbWETntu0: Turbidity, WET Labs ECO [NTU]
# name 6 = flECO-AFL: Fluorescence, WET Labs ECO-AFL/FL [mg/m^3]
# name 7 = density00: Density [density, kg/m^3]
# name 8 = sigma-t00: Density [sigma-t, kg/m^3 ]
# name 9 = sbeox0ML/L: Oxygen, SBE 43 [ml/l]
# name 10 = flag:  0.000e+00
# span 0 =     -0.083,     47.937                 
# span 1 =    14.9958,    26.5547                 
# span 2 =     0.2895,    34.3069                 
# span 3 =     54.783,    120.385                 
# span 4 =      8.284,      9.148                 
# span 5 =    -0.0705,    68.4944                 
# span 6 =    -0.1526,     2.6131                 
# span 7 =   996.8546,  1025.6485                 
# span 8 =    -3.1450,    25.4375                 
# span 9 =     3.0907,     5.9233                 
# span 10 = 0.0000e+00, 0.0000e+00                
# interval = seconds: 0.25
# start_time = Aug 16 2022 07:13:56 [System UTC, header]
# bad_flag = -9.990e-29
*END*
[from data line 1705]
      2.284    24.1551    32.4132    103.250      9.097     0.4926     1.8044  1021.6488    21.6389     5.0375  0.000e+00
      2.275    24.1580    32.4152    103.190      9.096     0.3934     1.7563  1021.6495    21.6395     5.0342  0.000e+00
      2.291    24.1617    32.4139    103.151      9.100     0.3918     1.7571  1021.6475    21.6375     5.0321  0.000e+00
      2.345    24.1663    32.4404    103.042      9.098     0.3934     1.7601  1021.6664    21.6561     5.0255  0.000e+00
      2.410    24.1819    32.4241    103.031      9.098     0.3949     1.7639  1021.6497    21.6392     5.0241  0.000e+00
      2.471    24.1943    32.4113    103.097      9.096     0.4147     1.5892  1021.6366    21.6259     5.0267  0.000e+00
      2.520    24.1999    32.4096    103.226      9.097     0.4117     1.5892  1021.6339    21.6229     5.0325  0.000e+00
      2.520    24.2032    32.4103    103.357      9.097     0.4224     1.5862  1021.6335    21.6225     5.0386  0.000e+00
      2.469    24.2062    32.4084    103.472      9.098     0.4102     1.5915  1021.6309    21.6202     5.0440  0.000e+00
      2.379    24.2089    32.4103    103.587      9.097     0.3934     1.5648  1021.6313    21.6209     5.0493  0.000e+00
      2.286    24.2120    32.4112    103.566      9.099     0.3903     1.5648  1021.6305    21.6206     5.0480  0.000e+00
      2.199    24.2162    32.4163    103.601      9.097     0.3857     1.5633  1021.6329    21.6233     5.0491  0.000e+00
      2.127    24.2224    32.4164    103.621      9.098     0.3934     1.5625  1021.6307    21.6214     5.0496  0.000e+00
      2.060    24.2293    32.4248    103.550      9.096     0.4178     1.4702  1021.6347    21.6258     5.0453  0.000e+00
      1.985    24.2400    32.4317    103.508      9.096     0.4193     1.4664  1021.6365    21.6279     5.0421  0.000e+00
      1.896    24.2550    32.4245    103.522      9.097     0.4193     1.4671  1021.6262    21.6180     5.0417  0.000e+00
      1.768    24.2688    32.4195    103.453      9.097     0.4056     1.4702  1021.6179    21.6102     5.0373  0.000e+00
      1.602    24.2796    32.4122    103.456      9.095     0.4117     1.4648  1021.6084    21.6014     5.0367  0.000e+00
      1.386    24.2874    32.4083    103.440      9.097     0.4086     1.3733  1021.6022    21.5962     5.0353  0.000e+00
      1.139    24.2926    32.4046    103.372      9.097     0.4193     1.3763  1021.5968    21.5919     5.0317  0.000e+00
      0.880    24.2954    32.4020    103.295      9.094     0.4208     1.3733  1021.5929    21.5891     5.0278  0.000e+00
      0.649    24.2963    32.3916    103.256      9.096     0.4193     1.3672  1021.5838    21.5809     5.0261  0.000e+00
      0.411    24.2898    32.3710    103.189      9.096     0.5383     1.4412  1021.5691    21.5673     5.0240  0.000e+00
      0.123    24.2782    32.3955    103.191      9.096     0.5383     1.4442  1021.5897    21.5892     5.0244  0.000e+00
     -0.059    24.2699    28.1887    103.122      9.095     0.5475     1.4465  1018.4162    18.4165     5.1443  0.000e+00
     -0.056    24.2651     6.2634    102.915      9.097     0.5399     1.4435  1001.9472     1.9474     5.8204  0.000e+00
     -0.057    24.2630     4.0625    102.567      9.097     5.5723     0.0076  1000.2948     0.2951     5.8743  0.000e+00
     -0.057    24.2647     4.5834    102.553      9.099     5.5738     0.0099  1000.6858     0.6860     5.8559  0.000e+00
     -0.056    24.2635     5.0094    101.990      9.096     5.5814     0.0061  1001.0061     1.0063     5.8097  0.000e+00
      0.061    24.2608     4.5750    100.117      9.098     5.5753     0.0068  1000.6810     0.6807     5.7175  0.000e+00
      0.393    24.2579     2.8178     97.485      9.098    38.1320     1.3992   999.3622    -0.6396     5.6236  0.000e+00
      0.692    24.2556    24.3830     94.707      9.099    38.1381     1.3931  1015.5567    15.5537     4.8299  0.000e+00
      0.892    24.2538    16.9214     91.759      9.100    38.1289     1.4015  1009.9500     9.9460     4.8839  0.000e+00
      1.056    24.2522    19.6354     89.237      9.098    38.1182     1.3939  1011.9893    11.9847     4.6766  0.000e+00
      1.217    24.2502    23.1018     87.458      9.099    68.4898     1.6251  1014.5965    14.5911     4.4935  0.000e+00
      1.400    24.2486    31.8995     86.165      9.099    68.4898     1.6228  1021.2293    21.2232     4.2095  0.000e+00
      1.622    24.2499    27.3860     85.373      9.100    68.4883     1.6266  1017.8242    17.8171     4.2801  0.000e+00
      1.815    24.2530    32.2812     85.059      9.100    68.4944     1.6228  1021.5182    21.5103     4.1461  0.000e+00
      1.824    24.2574    32.3436     85.125      9.099     0.5048     1.5617  1021.5641    21.5561     4.1475  0.000e+00
      1.712    24.2630    32.3670     85.093      9.100     0.5109     1.5579  1021.5797    21.5722     4.1450  0.000e+00
      1.519    24.2655    32.3496     84.783      9.099     0.5185     1.5678  1021.5649    21.5583     4.1301  0.000e+00
      1.388    24.2654    32.2412     84.233      9.098     0.5170     1.5579  1021.4825    21.4765     4.1058  0.000e+00
      1.346    24.2658    32.3740     83.713      9.099     0.5139     1.5617  1021.5825    21.5766     4.0774  0.000e+00
      1.382    24.2675    32.3826     83.816      9.100     0.4590     1.4702  1021.5886    21.5826     4.0821  0.000e+00
      1.492    24.2686    32.3566     84.475      9.100     0.4697     1.4748  1021.5692    21.5627     4.1147  0.000e+00
      1.626    24.2690    32.3919     85.226      9.101     0.4651     1.4694  1021.5963    21.5892     4.1504  0.000e+00
      1.759    24.2709    32.3874     85.762      9.100     0.4651     1.4664  1021.5929    21.5852     4.1765  0.000e+00
      1.878    24.2725    32.3955     86.105      9.098     0.8283     1.4618  1021.5991    21.5909     4.1929  0.000e+00
      1.925    24.2741    32.3946     86.461      9.101     0.8267     1.4572  1021.5981    21.5898     4.2101  0.000e+00
      1.896    24.2762    32.3890     87.110      9.099     0.8328     1.4565  1021.5932    21.5849     4.2417  0.000e+00
      1.791    24.2775    32.3809     88.073      9.103     0.8374     1.4572  1021.5862    21.5784     4.2887  0.000e+00
      1.654    24.2781    32.3712     89.366      9.098     0.4773     1.4641  1021.5781    21.5709     4.3519  0.000e+00
      1.510    24.2782    32.3735     90.106      9.101     0.4895     1.4648  1021.5792    21.5726     4.3878  0.000e+00
      1.346    24.2788    32.3794     90.384      9.102     0.4803     1.4656  1021.5828    21.5769     4.4012  0.000e+00
      1.168    24.2784    32.3867     90.259      9.099     0.4834     1.4656  1021.5876    21.5826     4.3949  0.000e+00
      1.009    24.2757    32.3947     89.941      9.101     0.5383     1.4183  1021.5937    21.5893     4.3794  0.000e+00
      0.863    24.2753    32.3828     89.844      9.103     0.5307     1.4175  1021.5843    21.5805     4.3751  0.000e+00
      0.769    24.2786    32.3902     90.889      9.102     0.5338     1.4206  1021.5885    21.5852     4.4255  0.000e+00
      0.730    24.2826    32.3790     93.309      9.099     0.5353     1.4229  1021.5786    21.5754     4.5433  0.000e+00
      0.735    24.2845    32.3950     96.119      9.101     0.5124     1.4809  1021.5902    21.5870     4.6796  0.000e+00
      0.771    24.2849    32.3918     98.848      9.100     0.5048     1.4771  1021.5878    21.5845     4.8125  0.000e+00
      0.818    24.2839    32.3751    101.195      9.101     0.5093     1.4793  1021.5757    21.5722     4.9273  0.000e+00
      0.872    24.2824    32.4011    103.021      9.100     0.5093     1.4786  1021.5960    21.5922     5.0156  0.000e+00
      0.948    24.2822    32.4034    104.322      9.099     0.4987     1.4862  1021.5981    21.5940     5.0789  0.000e+00
      1.038    24.2835    32.4050    104.809      9.100     0.7214     1.5007  1021.5994    21.5949     5.1024  0.000e+00
      1.153    24.2856    32.4059    104.650      9.102     0.7321     1.5060  1021.5999    21.5949     5.0945  0.000e+00
      1.306    24.2876    32.4041    104.295      9.101     0.7260     1.5045  1021.5987    21.5930     5.0771  0.000e+00
      1.488    24.2882    32.4003    103.968      9.100     0.7260     1.5038  1021.5964    21.5899     5.0612  0.000e+00
      1.697    24.2867    32.3961    103.555      9.102     0.5841     1.5389  1021.5946    21.5872     5.0414  0.000e+00
      1.928    24.2823    32.4002    103.184      9.100     0.5826     1.5358  1021.5999    21.5915     5.0236  0.000e+00
      2.177    24.2796    32.4058    102.819      9.101     0.5811     1.5442  1021.6061    21.5966     5.0058  0.000e+00
      2.355    24.2796    32.4077    102.492      9.101     0.5887     1.5389  1021.6083    21.5980     4.9899  0.000e+00
      2.433    24.2809    32.4055    102.256      9.101     0.5368     1.4885  1021.6066    21.5960     4.9784  0.000e+00
      2.422    24.2816    32.4040    102.111      9.104     0.5444     1.4915  1021.6052    21.5947     4.9713  0.000e+00
      2.368    24.2821    32.3316    102.036      9.101     0.5353     1.4900  1021.5501    21.5398     4.9696  0.000e+00
      2.348    24.2827    32.3808    101.942      9.103     0.5444     1.4938  1021.5870    21.5768     4.9636  0.000e+00
      2.325    24.2822    32.3972    101.922      9.103     0.5048     1.5152  1021.5995    21.5894     4.9622  0.000e+00
      2.290    24.2805    32.4014    101.836      9.102     0.5154     1.5175  1021.6030    21.5930     4.9580  0.000e+00
      2.211    24.2784    32.4034    101.802      9.103     0.5078     1.5213  1021.6048    21.5951     4.9565  0.000e+00
      2.051    24.2770    32.4040    101.621      9.103     0.5078     1.5152  1021.6049    21.5960     4.9478  0.000e+00
      1.867    24.2758    32.4030    101.538      9.103     0.5872     1.5091  1021.6037    21.5956     4.9439  0.000e+00
      1.654    24.2742    32.4039    101.379      9.101     0.5811     1.5045  1021.6040    21.5968     4.9362  0.000e+00
      1.450    24.2729    32.4059    101.331      9.103     0.5856     1.5030  1021.6049    21.5986     4.9340  0.000e+00
      1.294    24.2719    32.3811    101.312      9.103     0.5902     1.4999  1021.5859    21.5802     4.9339  0.000e+00
      1.187    24.2693    32.4026    101.317      9.101     0.5780     1.5045  1021.6024    21.5972     4.9337  0.000e+00
      1.110    24.2659    32.4041    101.413      9.099     0.6238     1.5373  1021.6042    21.5994     4.9386  0.000e+00
      1.067    24.2646    32.4098    101.546      9.102     0.6131     1.5457  1021.6087    21.6041     4.9451  0.000e+00
      1.085    24.2657    32.4074    101.533      9.103     0.6039     1.5389  1021.6066    21.6019     4.9444  0.000e+00
      1.160    24.2665    32.4068    101.668      9.103     0.6039     1.5389  1021.6062    21.6012     4.9509  0.000e+00
      1.304    24.2689    32.4100    101.791      9.105     0.6909     1.6144  1021.6087    21.6030     4.9566  0.000e+00
      1.474    24.2714    32.4081    101.833      9.104     0.6879     1.6090  1021.6072    21.6008     4.9585  0.000e+00
      1.643    24.2731    32.4023    101.775      9.102     0.6818     1.6106  1021.6030    21.5959     4.9557  0.000e+00
      1.838    24.2727    32.4037    101.460      9.103     0.6818     1.6136  1021.6051    21.5971     4.9403  0.000e+00
      2.011    24.2711    32.4061    101.180      9.104     0.6787     1.5457  1021.6081    21.5993     4.9268  0.000e+00
      2.292    24.2701    32.4070    101.138      9.105     0.6772     1.5404  1021.6103    21.6003     4.9248  0.000e+00
      2.512    24.2692    32.4092    101.261      9.106     0.6894     1.5411  1021.6132    21.6022     4.9308  0.000e+00
      2.793    24.2690    32.3999    101.430      9.105     0.6772     1.5373  1021.6075    21.5953     4.9393  0.000e+00
      3.108    24.2649    32.3941    101.509      9.105     0.5872     1.5152  1021.6057    21.5921     4.9437  0.000e+00
      3.391    24.2582    32.3982    101.638      9.105     0.5872     1.5152  1021.6119    21.5971     4.9504  0.000e+00
      3.739    24.2533    32.4096    101.650      9.105     0.5917     1.5213  1021.6235    21.6072     4.9511  0.000e+00
      3.932    24.2540    32.4148    101.651      9.106     0.5826     1.5160  1021.6281    21.6109     4.9509  0.000e+00
      4.065    24.2581    32.4196    101.656      9.107     0.4636     1.4603  1021.6311    21.6134     4.9507  0.000e+00
      4.031    24.2651    32.4194    101.729      9.106     0.4590     1.4587  1021.6287    21.6112     4.9536  0.000e+00
      3.806    24.2732    32.4150    101.836      9.102     0.4681     1.4610  1021.6220    21.6054     4.9583  0.000e+00
      3.687    24.2794    32.4022    101.953      9.106     0.4651     1.4542  1021.6100    21.5939     4.9638  0.000e+00
      3.543    24.2789    32.3959    101.968      9.107     0.4636     1.4557  1021.6048    21.5893     4.9648  0.000e+00
      3.343    24.2738    32.4030    101.986      9.105     0.4834     1.4709  1021.6108    21.5962     4.9659  0.000e+00
      3.173    24.2699    32.3989    102.109      9.105     0.4788     1.4679  1021.6080    21.5942     4.9723  0.000e+00
      2.919    24.2647    32.3979    102.204      9.105     0.4971     1.4671  1021.6078    21.5951     4.9774  0.000e+00
      2.634    24.2598    32.4133    102.126      9.104     0.4864     1.4671  1021.6196    21.6081     4.9736  0.000e+00
      2.378    24.2611    32.4141    102.029      9.105     0.4727     1.5083  1021.6187    21.6084     4.9688  0.000e+00
      2.139    24.2640    32.4138    101.980      9.104     0.4895     1.5053  1021.6166    21.6072     4.9661  0.000e+00
      1.942    24.2662    32.4122    101.979      9.106     0.4849     1.5038  1021.6139    21.6054     4.9659  0.000e+00
      1.823    24.2684    32.4050    102.005      9.106     0.4910     1.5030  1021.6073    21.5993     4.9672  0.000e+00
      1.755    24.2673    32.4039    102.090      9.104     0.4926     1.5442  1021.6064    21.5988     4.9715  0.000e+00
      1.717    24.2652    32.4061    102.114      9.105     0.4880     1.5389  1021.6086    21.6011     4.9728  0.000e+00
      1.751    24.2641    32.4107    102.091      9.103     0.4910     1.5450  1021.6125    21.6049     4.9716  0.000e+00
      1.820    24.2654    32.4184    101.963      9.105     0.4742     1.5457  1021.6183    21.6103     4.9650  0.000e+00
      1.940    24.2718    32.4166    101.795      9.105     0.4742     1.5617  1021.6155    21.6071     4.9564  0.000e+00
      2.117    24.2787    32.4089    101.657      9.107     0.4620     1.5663  1021.6085    21.5993     4.9493  0.000e+00
      2.297    24.2820    32.4067    101.511      9.107     0.4697     1.5663  1021.6066    21.5966     4.9420  0.000e+00
      2.490    24.2835    32.4094    101.445      9.106     0.4590     1.5709  1021.6091    21.5982     4.9385  0.000e+00
      2.699    24.2857    32.4077    101.315      9.105     0.4605     1.5015  1021.6080    21.5963     4.9321  0.000e+00
      2.940    24.2878    32.4028    101.321      9.108     0.4559     1.5060  1021.6047    21.5919     4.9323  0.000e+00
      3.207    24.2873    32.4005    101.261      9.105     0.4620     1.5022  1021.6043    21.5903     4.9295  0.000e+00
      3.472    24.2852    32.4103    101.232      9.107     0.4620     1.5068  1021.6135    21.5983     4.9280  0.000e+00
      3.654    24.2869    32.4020    101.273      9.107     0.4483     1.5190  1021.6076    21.5916     4.9301  0.000e+00
      3.769    24.2858    32.3999    101.516      9.108     0.4391     1.5160  1021.6068    21.5903     4.9421  0.000e+00
      3.798    24.2830    32.4019    101.870      9.107     0.4361     1.5167  1021.6092    21.5927     4.9595  0.000e+00
      3.805    24.2808    32.3999    102.327      9.105     0.4514     1.5167  1021.6084    21.5918     4.9820  0.000e+00
      3.843    24.2779    32.4046    102.625      9.107     0.4391     1.5083  1021.6130    21.5962     4.9966  0.000e+00
