data/CTD/원시자료/20220816-0817_현장조사/20220816-0817_CTD/St.1.cnv
* Sea-Bird SBE 19plus V2 Data File:
* FileName = D:\CTD\DATA\20220816-20220818_MABIC\St.1.hex
* Software Version Seasave V 7.26.7.121
* Temperature SN = 7832
* Conductivity SN = 7832
* System UpLoad Time = Aug 16 2022 16:13:56
** Ship:
** Station:
** Operator:
# nquan = 11
# nvalues = 1966                                  
# units = specified
# name 0 = depSM: Depth [salt water, m], lat = 0.00
# name 1 = tv290C: Temperature [ITS-90, deg C]
# name 2 = sal00: Salinity, Practical [PSU]
# name 3 = sbeox0PS: Oxygen, SBE 43 [% saturation]
# name 4 = ph: pH
# name 5 = turbWETntu0: Turbidity, WET Labs ECO [NTU]
# name 6 = flECO-AFL: Fluorescence, WET Labs ECO-AFL/FL [mg/m^3]
# name 7 = density00: Density [density, kg/m^3]
# name 8 = sigma-t00: Density [sigma-t, kg/m^3 ]
# name 9 = sbeox0ML/L: Oxygen, SBE 43 [ml/l]
# name 10 = flag:  0.000e+00
# span 0 =     -0.083,     47.937                 
# span 1 =    14.9958,    26.5547                 
# span 2 =     0.2895,    34.3069                 
# span 3 =     54.783,    120.385                 
# span 4 =      8.284,      9.148                 
# span 5 =    -0.0705,    68.4944                 
# span 6 =    -0.1526,     2.6131                 
# span 7 =   996.8546,  1025.6485                 
# span 8 =    -3.1450,    25.4375                 
# span 9 =     3.0907,     5.9233                 
# span 10 = 0.0000e+00, 0.0000e+00                
# interval = seconds: 0.25
# start_time = Aug 16 2022 07:13:56 [System UTC, header]
# bad_flag = -9.990e-29
*END*
[from data line 1574]
     12.765    22.9016    32.6181     94.185      9.061     0.5414     2.4254  1022.2120    22.1562     4.6914  0.000e+00
     12.837    22.9153    32.6259     94.231      9.063     0.5414     2.4201  1022.2144    22.1582     4.6923  0.000e+00
     12.927    22.9336    32.6036     94.369      9.062     0.5582     2.5047  1022.1926    22.1361     4.6983  0.000e+00
     13.042    22.9432    32.5714     94.441      9.066     0.5582     2.5055  1022.1660    22.1090     4.7020  0.000e+00
     13.158    22.9362    32.5469     94.577      9.060     0.5582     2.5025  1022.1500    22.0925     4.7100  0.000e+00
     13.282    22.9134    32.5522     94.773      9.062     0.5673     2.5063  1022.1610    22.1030     4.7215  0.000e+00
     13.401    22.8874    32.5641     94.862      9.061     0.4819     2.6116  1022.1779    22.1193     4.7278  0.000e+00
     13.507    22.8666    32.5788     94.790      9.061     0.4819     2.6077  1022.1955    22.1364     4.7255  0.000e+00
     13.590    22.8525    32.6005     94.738      9.061     0.4895     2.6131  1022.2162    22.1568     4.7235  0.000e+00
     13.650    22.8486    32.6184     94.540      9.062     0.4819     2.6062  1022.2312    22.1715     4.7135  0.000e+00
     13.671    22.8554    32.6152     94.341      9.061     0.5368     2.5063  1022.2269    22.1672     4.7031  0.000e+00
     13.655    22.8628    32.6128     94.162      9.060     0.5399     2.5025  1022.2229    22.1632     4.6936  0.000e+00
     13.617    22.8676    32.5696     94.022      9.059     0.5368     2.5055  1022.1887    22.1292     4.6874  0.000e+00
     13.551    22.8509    32.5152     93.968      9.061     0.5368     2.5086  1022.1519    22.0927     4.6876  0.000e+00
     13.462    22.7955    32.5477     93.951      9.062     0.4666     2.3262  1022.1918    22.1330     4.6904  0.000e+00
     13.361    22.7449    32.6133     93.762      9.062     0.4758     2.3255  1022.2554    22.1970     4.6834  0.000e+00
     13.250    22.7283    32.6683     93.624      9.065     0.4483     2.3239  1022.3014    22.2434     4.6764  0.000e+00
     13.134    22.7480    32.6631     93.456      9.063     0.4651     2.3239  1022.2913    22.2339     4.6665  0.000e+00
     13.019    22.7749    32.6440     93.419      9.062     0.4681     2.3277  1022.2687    22.2118     4.6630  0.000e+00
     12.907    22.7948    32.6364     93.463      9.061     0.4926     2.4147  1022.2568    22.2004     4.6637  0.000e+00
     12.812    22.8115    32.6281     93.448      9.064     0.4926     2.4124  1022.2454    22.1894     4.6618  0.000e+00
     12.732    22.8249    32.6398     93.512      9.062     0.4849     2.4147  1022.2501    22.1944     4.6636  0.000e+00
     12.651    22.8415    32.6336     93.683      9.062     0.4788     2.4132  1022.2404    22.1851     4.6709  0.000e+00
     12.595    22.8598    32.6332     93.838      9.063     0.5002     2.5276  1022.2346    22.1795     4.6771  0.000e+00
     12.545    22.8768    32.6074     94.069      9.063     0.5063     2.5276  1022.2100    22.1552     4.6880  0.000e+00
     12.509    22.8826    32.5861     94.174      9.065     0.5093     2.5246  1022.1921    22.1374     4.6933  0.000e+00
     12.489    22.8749    32.6012     94.265      9.066     0.5109     2.5330  1022.2056    22.1510     4.6980  0.000e+00
     12.487    22.8715    32.6075     94.263      9.063     0.5124     2.5276  1022.2113    22.1567     4.6981  0.000e+00
     12.503    22.8721    32.6111     94.225      9.064     0.5200     2.5292  1022.2139    22.1593     4.6960  0.000e+00
     12.530    22.8754    32.6238     94.210      9.068     0.5154     2.5261  1022.2227    22.1680     4.6946  0.000e+00
     12.575    22.8845    32.6256     94.253      9.066     0.5154     2.5269  1022.2218    22.1668     4.6960  0.000e+00
     12.640    22.8985    32.6233     94.322      9.068     0.4651     2.4758  1022.2164    22.1611     4.6983  0.000e+00
     12.718    22.9128    32.6260     94.336      9.069     0.4590     2.4819  1022.2146    22.1591     4.6978  0.000e+00
     12.812    22.9278    32.6283     94.329      9.069     0.4559     2.4803  1022.2125    22.1565     4.6961  0.000e+00
     12.920    22.9456    32.6429     94.345      9.068     0.4620     2.4780  1022.2190    22.1625     4.6951  0.000e+00
     13.044    22.9708    32.6071     94.423      9.068     0.4788     2.5459  1022.1852    22.1282     4.6978  0.000e+00
     13.172    22.9821    32.5558     94.595      9.066     0.4788     2.5551  1022.1437    22.0862     4.7068  0.000e+00
     13.311    22.9673    32.5479     94.795      9.065     0.4849     2.5490  1022.1425    22.0844     4.7183  0.000e+00
     13.444    22.9408    32.5510     95.045      9.064     0.4895     2.5475  1022.1530    22.0942     4.7328  0.000e+00
     13.567    22.9132    32.5556     95.239      9.063     0.5032     2.5734  1022.1649    22.1056     4.7446  0.000e+00
     13.678    22.8856    32.5551     95.347      9.063     0.5017     2.5742  1022.1729    22.1131     4.7524  0.000e+00
     13.770    22.8544    32.6117     95.230      9.062     0.5215     2.5734  1022.2250    22.1648     4.7476  0.000e+00
     13.835    22.8477    32.6505     95.054      9.063     0.5170     2.5742  1022.2566    22.1961     4.7383  0.000e+00
     13.871    22.8673    32.6392     94.688      9.063     0.5048     2.5734  1022.2426    22.1820     4.7187  0.000e+00
     13.857    22.8867    32.6255     94.454      9.063     0.4620     2.4437  1022.2266    22.1660     4.7058  0.000e+00
     13.804    22.8995    32.5789     94.206      9.064     0.4636     2.4491  1022.1875    22.1272     4.6937  0.000e+00
     13.716    22.8848    32.4531     94.054      9.064     0.4620     2.4506  1022.0960    22.0360     4.6907  0.000e+00
     13.583    22.8073    32.5211     94.080      9.063     0.4636     2.4475  1022.1689    22.1095     4.6966  0.000e+00
     13.428    22.7370    32.6253     94.060      9.065     0.4849     2.3163  1022.2671    22.2084     4.6986  0.000e+00
     13.258    22.7197    32.6659     93.992      9.065     0.4880     2.3102  1022.3020    22.2440     4.6955  0.000e+00
     13.071    22.7364    32.6784     93.867      9.066     0.4834     2.3140  1022.3060    22.2488     4.6875  0.000e+00
     12.882    22.7678    32.6543     93.681      9.068     0.4803     2.3148  1022.2780    22.2216     4.6763  0.000e+00
     12.692    22.7951    32.6508     93.508      9.069     0.4880     2.3338  1022.2667    22.2113     4.6656  0.000e+00
     12.482    22.8207    32.6954     93.363      9.069     0.4819     2.3422  1022.2924    22.2378     4.6550  0.000e+00
     12.269    22.8669    32.7190     93.319      9.068     0.4956     2.3369  1022.2961    22.2425     4.6484  0.000e+00
     12.044    22.9309    32.6987     93.335      9.072     0.4819     2.3392  1022.2616    22.2090     4.6445  0.000e+00
     11.827    22.9911    32.6667     93.389      9.067     0.4926     2.3834  1022.2193    22.1676     4.6431  0.000e+00
     11.629    23.0396    32.6344     93.757      9.070     0.4941     2.3888  1022.1801    22.1293     4.6583  0.000e+00
     11.452    23.0737    32.6255     94.213      9.071     0.4849     2.3903  1022.1628    22.1128     4.6784  0.000e+00
     11.317    23.0980    32.5711     94.866      9.071     0.4788     2.3850  1022.1142    22.0647     4.7103  0.000e+00
     11.209    23.0986    32.5554     95.696      9.070     0.5170     2.5215  1022.1016    22.0526     4.7519  0.000e+00
     11.132    23.0843    32.5650     96.479      9.071     0.5032     2.5147  1022.1126    22.0640     4.7917  0.000e+00
     11.076    23.0717    32.5689     97.036      9.071     0.5078     2.5162  1022.1189    22.0705     4.8203  0.000e+00
     11.029    23.0621    32.5744     97.412      9.071     0.5109     2.5162  1022.1256    22.0774     4.8397  0.000e+00
     11.004    23.0546    32.6031     97.576      9.073     0.5048     2.5162  1022.1494    22.1013     4.8476  0.000e+00
     10.987    23.0613    32.6559     97.499      9.071     0.5185     2.5795  1022.1874    22.1394     4.8418  0.000e+00
     10.959    23.0995    32.6538     97.243      9.071     0.5185     2.5757  1022.1748    22.1269     4.8259  0.000e+00
     10.969    23.1471    32.6498     97.032      9.075     0.5109     2.5719  1022.1582    22.1103     4.8115  0.000e+00
     10.953    23.1961    32.6408     96.760      9.073     0.5078     2.5719  1022.1373    22.0894     4.7941  0.000e+00
     10.946    23.2453    32.6198     96.674      9.073     0.4926     2.6116  1022.1071    22.0593     4.7863  0.000e+00
     10.953    23.2856    32.5977     96.782      9.073     0.4819     2.6093  1022.0789    22.0311     4.7889  0.000e+00
     10.928    23.3167    32.5731     97.018      9.072     0.4926     2.6093  1022.0512    22.0035     4.7986  0.000e+00
     10.924    23.3355    32.5743     97.235      9.073     0.4849     2.6093  1022.0467    21.9990     4.8078  0.000e+00
     10.910    23.3501    32.5652     97.435      9.074     0.5093     2.5536  1022.0356    21.9879     4.8167  0.000e+00
     10.886    23.3636    32.5729     97.598      9.076     0.5139     2.5520  1022.0374    21.9899     4.8234  0.000e+00
     10.870    23.3781    32.5687     97.692      9.074     0.5200     2.5536  1022.0300    21.9826     4.8269  0.000e+00
     10.821    23.3943    32.6107     97.747      9.074     0.5170     2.5490  1022.0569    22.0096     4.8271  0.000e+00
     10.753    23.4271    32.6080     97.856      9.074     0.5414     2.4681  1022.0451    21.9982     4.8298  0.000e+00
     10.672    23.4662    32.6251     97.872      9.075     0.5322     2.4658  1022.0464    21.9998     4.8268  0.000e+00
     10.546    23.5110    32.6243     97.951      9.076     0.5399     2.4666  1022.0323    21.9863     4.8269  0.000e+00
     10.403    23.5567    32.6191     98.145      9.076     0.5353     2.4666  1022.0145    21.9691     4.8327  0.000e+00
     10.236    23.6023    32.6154     98.343      9.075     0.4849     2.4246  1021.9978    21.9531     4.8388  0.000e+00
     10.010    23.6437    32.5910     98.603      9.075     0.4773     2.4170  1021.9663    21.9227     4.8487  0.000e+00
      9.781    23.6842    32.5936     98.816      9.075     0.4926     2.4277  1021.9555    21.9128     4.8557  0.000e+00
      9.508    23.7325    32.6161     98.978      9.076     0.4926     2.4292  1021.9573    21.9159     4.8589  0.000e+00
      9.207    23.8061    32.6043     99.148      9.078     0.4880     2.4185  1021.9257    21.8855     4.8614  0.000e+00
      8.904    23.8930    32.5728     99.392      9.079     0.4681     1.8982  1021.8751    21.8363     4.8669  0.000e+00
      8.588    23.9746    32.5237     99.661      9.079     0.4697     1.8959  1021.8128    21.7753     4.8745  0.000e+00
      8.260    24.0361    32.4919    100.217      9.081     0.4651     1.9043  1021.7693    21.7333     4.8974  0.000e+00
      7.943    24.0812    32.4702    100.904      9.085     0.4651     1.8974  1021.7383    21.7037     4.9277  0.000e+00
      7.631    24.1156    32.4491    101.737      9.084     0.4895     1.7616  1021.7109    21.6776     4.9660  0.000e+00
      7.314    24.1404    32.4372    102.613      9.085     0.4849     1.7601  1021.6932    21.6613     5.0070  0.000e+00
      7.042    24.1573    32.4161    103.423      9.088     0.4864     1.7601  1021.6711    21.6404     5.0456  0.000e+00
      6.781    24.1643    32.3984    103.917      9.089     0.4910     1.7647  1021.6546    21.6250     5.0696  0.000e+00
      6.537    24.1585    32.3901    104.302      9.090     0.4330     1.6602  1021.6489    21.6204     5.0892  0.000e+00
      6.354    24.1442    32.4014    104.445      9.090     0.4285     1.6586  1021.6609    21.6332     5.0971  0.000e+00
      6.188    24.1322    32.4083    104.320      9.091     0.4361     1.6586  1021.6688    21.6418     5.0919  0.000e+00
      6.074    24.1239    32.4182    104.192      9.089     0.4391     1.6518  1021.6783    21.6518     5.0860  0.000e+00
      6.024    24.1210    32.4220    103.957      9.091     0.4437     1.7914  1021.6818    21.6555     5.0747  0.000e+00
      6.000    24.1243    32.4256    103.669      9.092     0.4285     1.7891  1021.6834    21.6573     5.0603  0.000e+00
      6.027    24.1306    32.4202    103.384      9.095     0.4269     1.7868  1021.6776    21.6513     5.0459  0.000e+00
      6.098    24.1357    32.4139    103.139      9.093     0.4529     1.7876  1021.6717    21.6451     5.0337  0.000e+00
      6.184    24.1377    32.4098    102.953      9.094     0.4620     1.7403  1021.6683    21.6414     5.0246  0.000e+00
      6.290    24.1379    32.4074    102.872      9.094     0.4742     1.7380  1021.6670    21.6396     5.0207  0.000e+00
      6.397    24.1364    32.4052    102.955      9.095     0.4712     1.7372  1021.6662    21.6383     5.0249  0.000e+00
      6.478    24.1336    32.4036    102.965      9.095     0.4559     1.7372  1021.6662    21.6379     5.0257  0.000e+00
      6.539    24.1300    32.4093    103.046      9.096     0.4605     1.7372  1021.6718    21.6433     5.0298  0.000e+00
      6.530    24.1278    32.4081    103.072      9.096     0.5048     1.7502  1021.6715    21.6430     5.0313  0.000e+00
      6.460    24.1256    32.4080    103.160      9.095     0.5185     1.7502  1021.6718    21.6436     5.0358  0.000e+00
      6.346    24.1221    32.4120    103.198      9.095     0.5154     1.7540  1021.6753    21.6477     5.0378  0.000e+00
      6.184    24.1195    32.4136    103.248      9.094     0.5185     1.7464  1021.6766    21.6496     5.0405  0.000e+00
      6.011    24.1182    32.3946    103.283      9.094     0.4193     1.7494  1021.6619    21.6357     5.0428  0.000e+00
      5.800    24.1071    32.3877    103.093      9.095     0.4117     1.7494  1021.6590    21.6337     5.0347  0.000e+00
      5.544    24.0887    32.4233    102.924      9.092     0.4193     1.7517  1021.6902    21.6660     5.0271  0.000e+00
      5.281    24.0855    32.4492    102.806      9.094     0.4193     1.7586  1021.7095    21.6865     5.0208  0.000e+00
      5.016    24.1012    32.4380    102.786      9.093     0.4559     1.6983  1021.6953    21.6735     5.0188  0.000e+00
      4.739    24.1160    32.4290    102.806      9.093     0.4803     1.7044  1021.6830    21.6623     5.0187  0.000e+00
      4.484    24.1252    32.3938    102.972      9.095     0.4636     1.7006  1021.6525    21.6329     5.0270  0.000e+00
      4.247    24.1193    32.4081    103.050      9.094     0.4651     1.7029  1021.6641    21.6456     5.0310  0.000e+00
      4.018    24.1140    32.4298    103.211      9.095     0.4758     1.6899  1021.6810    21.6634     5.0387  0.000e+00
      3.818    24.1219    32.4297    103.373      9.095     0.4742     1.6853  1021.6777    21.6611     5.0459  0.000e+00
      3.623    24.1311    32.4106    103.539      9.096     0.4788     1.6937  1021.6597    21.6439     5.0538  0.000e+00
      3.441    24.1321    32.4060    103.639      9.093     0.4605     1.6968  1021.6552    21.6402     5.0587  0.000e+00
      3.281    24.1287    32.4083    103.703      9.097     0.4376     1.7044  1021.6572    21.6429     5.0620  0.000e+00
      3.131    24.1254    32.4072    103.760      9.097     0.4468     1.7052  1021.6567    21.6431     5.0651  0.000e+00
      2.981    24.1221    32.4106    103.787      9.098     0.4346     1.7021  1021.6596    21.6466     5.0666  0.000e+00
      2.821    24.1206    32.4211    103.722      9.098     0.4407     1.7036  1021.6673    21.6550     5.0633  0.000e+00
      2.661    24.1243    32.4280    103.589      9.096     0.4437     1.7075  1021.6707    21.6591     5.0563  0.000e+00
      2.506    24.1328    32.4272    103.535      9.099     0.4926     1.8036  1021.6669    21.6560     5.0529  0.000e+00
      2.397    24.1422    32.4223    103.423      9.098     0.4864     1.8028  1021.6600    21.6495     5.0468  0.000e+00
