data/CTD/원시자료/20220816-0817_현장조사/20220816-0817_CTD/St.1.cnv
* Sea-Bird SBE 19plus V2 Data File:
* FileName = D:\CTD\DATA\20220816-20220818_MABIC\St.1.hex
* Software Version Seasave V 7.26.7.121
* Temperature SN = 7832
* Conductivity SN = 7832
* System UpLoad Time = Aug 16 2022 16:13:56
** Ship:
** Station:
** Operator:
# nquan = 11
# nvalues = 1966                                  
# units = specified
# name 0 = depSM: Depth [salt water, m], lat = 0.00
# name 1 = tv290C: Temperature [ITS-90, deg C]
# name 2 = sal00: Salinity, Practical [PSU]
# name 3 = sbeox0PS: Oxygen, SBE 43 [% saturation]
# name 4 = ph: pH
# name 5 = turbWETntu0: Turbidity, WET Labs ECO [NTU]
# name 6 = flECO-AFL: Fluorescence, WET Labs ECO-AFL/FL [mg/m^3]
# name 7 = density00: Density [density, kg/m^3]
# name 8 = sigma-t00: Density [sigma-t, kg/m^3 ]
# name 9 = sbeox0ML/L: Oxygen, SBE 43 [ml/l]
# name 10 = flag:  0.000e+00
# span 0 =     -0.083,     47.937                 
# span 1 =    14.9958,    26.5547                 
# span 2 =     0.2895,    34.3069                 
# span 3 =     54.783,    120.385                 
# span 4 =      8.284,      9.148                 
# span 5 =    -0.0705,    68.4944                 
# span 6 =    -0.1526,     2.6131                 
# span 7 =   996.8546,  1025.6485                 
# span 8 =    -3.1450,    25.4375                 
# span 9 =     3.0907,     5.9233                 
# span 10 = 0.0000e+00, 0.0000e+00                
# interval = seconds: 0.25
# start_time = Aug 16 2022 07:13:56 [System UTC, header]
# bad_flag = -9.990e-29
*END*
[from data line 1837]
      3.890    24.2775    32.4016    103.031      9.108     0.4391     1.5205  1021.6110    21.5940     5.0165  0.000e+00
      3.877    24.2761    32.3988    102.963      9.107     0.4407     1.5129  1021.6092    21.5923     5.0134  0.000e+00
      3.778    24.2726    32.4063    102.750      9.107     0.4452     1.5160  1021.6156    21.5991     5.0031  0.000e+00
      3.636    24.2730    32.4178    102.283      9.106     0.3934     1.4717  1021.6235    21.6076     4.9800  0.000e+00
      3.485    24.2793    32.4162    101.948      9.108     0.3827     1.4671  1021.6197    21.6045     4.9632  0.000e+00
      3.313    24.2863    32.4128    101.764      9.108     0.3903     1.4687  1021.6144    21.5999     4.9537  0.000e+00
      3.126    24.2911    32.4034    101.650      9.110     0.3964     1.4687  1021.6050    21.5914     4.9480  0.000e+00
      2.944    24.2905    32.3858    101.597      9.109     0.4193     1.4656  1021.5911    21.5783     4.9460  0.000e+00
      2.742    24.2810    32.3907    101.593      9.106     0.4163     1.4687  1021.5968    21.5848     4.9465  0.000e+00
      2.547    24.2718    32.4026    101.608      9.109     0.4147     1.4732  1021.6076    21.5965     4.9477  0.000e+00
      2.392    24.2674    32.4038    101.750      9.107     0.4254     1.4679  1021.6091    21.5987     4.9549  0.000e+00
      2.272    24.2653    32.4066    101.913      9.109     0.5048     1.5183  1021.6113    21.6014     4.9629  0.000e+00
      2.221    24.2638    32.4096    102.067      9.110     0.5048     1.5175  1021.6138    21.6041     4.9705  0.000e+00
      2.236    24.2639    32.4084    102.184      9.106     0.5109     1.5114  1021.6129    21.6032     4.9762  0.000e+00
      2.281    24.2640    32.4085    102.065      9.106     0.5078     1.5106  1021.6132    21.6032     4.9704  0.000e+00
      2.364    24.2642    32.4078    102.109      9.106     0.4376     1.5503  1021.6130    21.6027     4.9726  0.000e+00
      2.470    24.2644    32.4084    102.292      9.107     0.4346     1.5495  1021.6138    21.6030     4.9814  0.000e+00
      2.576    24.2646    32.4084    102.336      9.108     0.4437     1.5549  1021.6142    21.6030     4.9835  0.000e+00
      2.702    24.2651    32.4107    102.419      9.107     0.4529     1.5602  1021.6164    21.6046     4.9875  0.000e+00
      2.816    24.2689    32.4215    102.521      9.107     0.4437     1.5465  1021.6239    21.6117     4.9918  0.000e+00
      2.919    24.2765    32.4198    102.529      9.110     0.4651     1.4938  1021.6208    21.6081     4.9916  0.000e+00
      3.000    24.2847    32.4107    102.506      9.107     0.4651     1.4946  1021.6119    21.5988     4.9901  0.000e+00
      3.019    24.2887    32.3950    102.475      9.108     0.4727     1.4870  1021.5989    21.5857     4.9887  0.000e+00
      2.985    24.2843    32.3921    102.376      9.108     0.4681     1.4946  1021.5979    21.5849     4.9843  0.000e+00
      2.908    24.2770    32.4042    102.298      9.110     0.4330     1.5038  1021.6088    21.5961     4.9808  0.000e+00
      2.769    24.2749    32.4172    102.216      9.108     0.4391     1.5045  1021.6186    21.6066     4.9766  0.000e+00
      2.630    24.2804    32.4157    102.190      9.107     0.4391     1.5045  1021.6153    21.6038     4.9749  0.000e+00
      2.500    24.2855    32.3993    102.150      9.108     0.4361     1.5045  1021.6009    21.5900     4.9730  0.000e+00
      2.385    24.2826    32.3998    102.197      9.107     0.5078     1.4702  1021.6016    21.5912     4.9755  0.000e+00
      2.299    24.2780    32.4055    102.227      9.108     0.4788     1.4748  1021.6068    21.5968     4.9772  0.000e+00
      2.221    24.2756    32.4073    102.256      9.110     0.4941     1.4717  1021.6086    21.5989     4.9787  0.000e+00
      2.165    24.2741    32.4060    102.188      9.110     0.4956     1.4709  1021.6078    21.5984     4.9756  0.000e+00
      2.113    24.2726    32.4073    102.154      9.108     0.5322     1.5282  1021.6090    21.5998     4.9740  0.000e+00
      2.055    24.2712    32.4045    102.166      9.109     0.5353     1.5289  1021.6071    21.5981     4.9748  0.000e+00
      1.990    24.2691    32.4061    102.102      9.108     0.5353     1.5244  1021.6086    21.5999     4.9719  0.000e+00
      1.906    24.2671    32.4071    102.095      9.107     0.5368     1.5228  1021.6096    21.6013     4.9716  0.000e+00
      1.801    24.2664    32.4090    102.129      9.110     0.5338     1.5045  1021.6108    21.6029     4.9733  0.000e+00
      1.682    24.2664    32.4081    102.196      9.108     0.5414     1.5030  1021.6095    21.6022     4.9766  0.000e+00
      1.549    24.2662    32.4076    102.331      9.109     0.5307     1.5091  1021.6086    21.6019     4.9832  0.000e+00
      1.390    24.2657    32.4042    102.421      9.110     0.5353     1.5015  1021.6055    21.5995     4.9877  0.000e+00
      1.194    24.2643    32.4069    102.508      9.108     0.5414     1.5022  1021.6072    21.6020     4.9920  0.000e+00
      0.938    24.2637    32.4099    102.497      9.111     0.4849     1.4969  1021.6085    21.6044     4.9914  0.000e+00
      0.651    24.2643    32.4118    102.220      9.107     0.4926     1.4923  1021.6085    21.6057     4.9778  0.000e+00
      0.354    24.2664    32.4113    101.825      9.109     0.5002     1.4893  1021.6062    21.6047     4.9584  0.000e+00
      0.049    24.2684    32.4108    101.718      9.111     0.4880     1.4931  1021.6039    21.6037     4.9531  0.000e+00
     -0.070    24.2699    30.7493    101.581      9.110    12.4922     1.9058  1020.3480    20.3483     4.9936  0.000e+00
     -0.061    24.2707     8.1219    101.125      9.110    12.4861     1.8990  1003.3401     3.3404     5.6582  0.000e+00
     -0.061    24.2714     5.4570    100.465      9.112    12.4785     1.8959  1001.3401     1.3404     5.7074  0.000e+00
     -0.057    24.2753     3.5746    100.295      9.110    12.4922     1.8982   999.9250    -0.0748     5.7589  0.000e+00
     -0.059    24.2808     6.4931    100.532      9.109     0.2972    -0.1518  1002.1154     2.1157     5.6766  0.000e+00
     -0.059    24.2813    16.5927     99.898      9.109     0.3110    -0.1511  1009.6915     9.6918     5.3244  0.000e+00
     -0.057    24.2806    16.7772     98.179      9.111     0.3094    -0.1457  1009.8302     9.8305     5.2274  0.000e+00
     -0.057    24.2790     7.7009     95.911      9.110     0.3003    -0.1526  1003.0221     3.0224     5.3786  0.000e+00
     -0.061    24.2777     2.9559     93.973      9.110     0.6589     0.0191   999.4590    -0.5407     5.4148  0.000e+00
     -0.061    24.2768    12.4018     91.952      9.108     0.6619     0.0152  1006.5485     6.5487     5.0202  0.000e+00
     -0.059    24.2754    16.6684     89.498      9.111     0.6589     0.0191  1009.7500     9.7503     4.7686  0.000e+00
     -0.061    24.2744     6.5137     87.442      9.112     0.6573     0.0152  1002.1326     2.1328     4.9375  0.000e+00
     -0.059    24.2735    17.2373     86.559      9.110     0.3049     0.0023  1010.1775    10.1778     4.5972  0.000e+00
     -0.059    24.2723    12.2312     86.638      9.111     0.2988    -0.0038  1006.4218     6.4220     4.7350  0.000e+00
     -0.057    24.2709     3.0624     87.585      9.112     0.2988    -0.0084   999.5409    -0.4588     5.0442  0.000e+00
     -0.061    24.2698    11.1369     88.254      9.111     0.2972    -0.0038  1005.6016     5.6019     4.8538  0.000e+00
     -0.057    24.2687    15.4587     87.770      9.112     0.1080    -0.0023  1008.8440     8.8442     4.7095  0.000e+00
     -0.057    24.2675     2.8244     88.421      9.111     0.1019    -0.0069   999.3627    -0.6371     5.0996  0.000e+00
     -0.061    24.2660     6.6251     89.672      9.112     0.1034    -0.0054  1002.2183     2.2186     5.0609  0.000e+00
     -0.061    24.2651    16.8331     89.844      9.109     0.1034    -0.0046  1009.8764     9.8767     4.7834  0.000e+00
     -0.061    24.2639    16.6117     90.127      9.112     0.1065    -0.0046  1009.7105     9.7108     4.8047  0.000e+00
     -0.063    24.2629    16.0090     91.131      9.115     0.4742    -0.0305  1009.2584     9.2587     4.8750  0.000e+00
     -0.068    24.2614    16.2332     92.300      9.112     0.4712    -0.0260  1009.4271     9.4274     4.9314  0.000e+00
     -0.065    24.2595    32.3722     93.638      9.112     0.4575    -0.0283  1021.5769    21.5772     4.5613  0.000e+00
     -0.061    24.2568    28.8418     94.749      9.113     0.4636    -0.0252  1018.9125    18.9128     4.7100  0.000e+00
     -0.063    24.2522    20.6810     95.355      9.111    -0.0598    -0.0290  1012.7700    12.7703     4.9674  0.000e+00
     -0.063    24.2469    31.9427     95.202      9.111    -0.0675    -0.0290  1021.2561    21.2563     4.6500  0.000e+00
     -0.061    24.2426    32.3790     94.226      9.111    -0.0675    -0.0305  1021.5870    21.5872     4.5911  0.000e+00
     -0.061    24.2386    32.1959     92.508      9.112    -0.0705    -0.0260  1021.4498    21.4501     4.5125  0.000e+00
     -0.063    24.2331    23.8809     90.545      9.112     0.0638    -0.0511  1015.1819    15.1822     4.6327  0.000e+00
     -0.063    24.2283    31.2889     90.112      9.112     0.0516    -0.0519  1020.7677    20.7680     4.4193  0.000e+00
     -0.063    24.2251    20.8939     90.021      9.111     0.0577    -0.0504  1012.9376    12.9379     4.6861  0.000e+00
     -0.063    24.2224    23.4880     90.494      9.109     0.0561    -0.0511  1014.8892    14.8895     4.6415  0.000e+00
     -0.066    24.2195    32.3458     91.007      9.112     0.1767    -0.0542  1021.5687    21.5690     4.4369  0.000e+00
     -0.066    24.2167    32.3917     91.704      9.110     0.1965    -0.0504  1021.6042    21.6045     4.4699  0.000e+00
     -0.066    24.2143    32.3169     92.470      9.112     0.1797    -0.0481  1021.5484    21.5487     4.5094  0.000e+00
     -0.065    24.2123    26.2063     93.035      9.110     0.1782    -0.0542  1016.9386    16.9389     4.6989  0.000e+00
     -0.059    24.2102    19.0715     93.321      9.112     0.2423    -0.0252  1011.5724    11.5726     4.9101  0.000e+00
     -0.063    24.2083    30.8859     93.157      9.112     0.2194    -0.0267  1020.4692    20.4695     4.5808  0.000e+00
     -0.063    24.2065    32.3798     92.458      9.109     0.2255    -0.0298  1021.5982    21.5985     4.5078  0.000e+00
     -0.063    24.2040    27.5052     91.426      9.113     0.2301    -0.0298  1017.9199    17.9202     4.5841  0.000e+00
     -0.063    24.2013    17.8942     90.856      9.113     0.2286    -0.0328  1010.6905    10.6908     4.8135  0.000e+00
     -0.065    24.1995    21.9202     90.353      9.111     0.3308    -0.0008  1013.7164    13.7167     4.6779  0.000e+00
     -0.063    24.1977    18.7703     90.150      9.112     0.3140    -0.0099  1011.3495    11.3498     4.7525  0.000e+00
     -0.061    24.1972    21.2009     90.348      9.113     0.3201    -0.0054  1013.1762    13.1765     4.6972  0.000e+00
     -0.070    24.1969    19.5207     90.506      9.112     0.3201    -0.0061  1011.9135    11.9138     4.7509  0.000e+00
     -0.070    24.1965    15.7274     90.478      9.113     0.3018    -0.0290  1009.0651     9.0654     4.8537  0.000e+00
     -0.063    24.1967    14.9637     90.691      9.112     0.3003    -0.0267  1008.4920     8.4922     4.8864  0.000e+00
     -0.058    24.1963    13.0873     90.964      9.110     0.3003    -0.0252  1007.0843     7.0845     4.9540  0.000e+00
     -0.067    24.1954    23.4858     90.724      9.112     0.3079    -0.0283  1014.8952    14.8955     4.6555  0.000e+00
     -0.067    24.1952    18.5904     90.680      9.113    -0.0079    -0.0061  1011.2151    11.2154     4.7856  0.000e+00
     -0.063    24.1952    18.2878     90.569      9.111    -0.0125     0.0007  1010.9878    10.9881     4.7880  0.000e+00
     -0.067    24.1953    18.8327     90.404      9.114    -0.0217    -0.0031  1011.3970    11.3973     4.7644  0.000e+00
     -0.072    24.1949    23.5607     90.320      9.111    -0.0156    -0.0046  1014.9517    14.9520     4.6329  0.000e+00
     -0.070    24.1944    30.3297     90.264      9.112     0.1584    -0.0008  1020.0533    20.0536     4.4538  0.000e+00
     -0.070    24.1934    32.4101     90.121      9.112     0.1538    -0.0023  1021.6250    21.6253     4.3941  0.000e+00
     -0.065    24.1912    32.4195     90.077      9.113     0.1660    -0.0008  1021.6327    21.6330     4.3919  0.000e+00
     -0.065    24.1887    32.4233     90.123      9.110     0.1630    -0.0023  1021.6363    21.6366     4.3942  0.000e+00
     -0.065    24.1874    32.4201     89.970      9.112     0.1523    -0.0008  1021.6343    21.6346     4.3869  0.000e+00
     -0.067    24.1868    32.4161     89.989      9.113     0.1096    -0.0038  1021.6314    21.6317     4.3880  0.000e+00
     -0.067    24.1873    32.4142     90.027      9.112     0.1034    -0.0077  1021.6299    21.6302     4.3899  0.000e+00
     -0.067    24.1876    32.4143     90.017      9.115     0.1141    -0.0015  1021.6298    21.6301     4.3893  0.000e+00
     -0.068    24.1875    32.4169     90.069      9.111     0.1157    -0.0015  1021.6318    21.6321     4.3918  0.000e+00
     -0.068    24.1874    32.4194     90.055      9.113     0.0775    -0.0260  1021.6338    21.6341     4.3911  0.000e+00
     -0.070    24.1871    32.4197     90.065      9.112     0.0821    -0.0305  1021.6340    21.6343     4.3916  0.000e+00
     -0.067    24.1864    32.4197     90.076      9.111     0.0912    -0.0260  1021.6343    21.6346     4.3922  0.000e+00
     -0.065    24.1852    32.4189     90.115      9.110     0.0806    -0.0260  1021.6340    21.6343     4.3942  0.000e+00
     -0.067    24.1840    32.4159     90.166      9.114     0.1324    -0.0397  1021.6321    21.6324     4.3968  0.000e+00
     -0.067    24.1847    32.4142     90.118      9.112     0.1370    -0.0374  1021.6307    21.6309     4.3945  0.000e+00
     -0.069    24.1853    32.4135     90.250      9.111     0.1401    -0.0427  1021.6299    21.6302     4.4009  0.000e+00
     -0.065    24.1859    32.4143     90.236      9.111     0.1294    -0.0450  1021.6303    21.6306     4.4001  0.000e+00
     -0.067    24.1859    32.4157     90.228      9.113     0.3049    -0.0153  1021.6314    21.6317     4.3997  0.000e+00
     -0.067    24.1859    32.4133     90.178      9.110     0.2957    -0.0145  1021.6296    21.6299     4.3973  0.000e+00
     -0.069    24.1862    32.3996     90.128      9.110     0.2972    -0.0107  1021.6191    21.6194     4.3952  0.000e+00
     -0.065    24.1862    32.4095     90.111      9.113     0.3049    -0.0168  1021.6267    21.6270     4.3942  0.000e+00
     -0.067    24.1857    32.4089     90.087      9.110     0.1996    -0.0298  1021.6263    21.6266     4.3930  0.000e+00
     -0.069    24.1857    32.4087     90.023      9.108     0.2087    -0.0283  1021.6262    21.6264     4.3899  0.000e+00
     -0.065    24.1859    32.4087     90.112      9.112     0.1996    -0.0283  1021.6261    21.6264     4.3943  0.000e+00
     -0.067    24.1867    32.4063     90.097      9.111     0.1996    -0.0305  1021.6241    21.6244     4.3935  0.000e+00
     -0.067    24.1872    32.4071     90.228      9.110     0.1553    -0.0328  1021.6245    21.6248     4.3998  0.000e+00
     -0.065    24.1875    32.4071     90.319      9.110     0.1599    -0.0435  1021.6245    21.6247     4.4043  0.000e+00
     -0.067    24.1874    32.4067     90.393      9.110     0.1599    -0.0405  1021.6242    21.6245     4.4079  0.000e+00
     -0.065    24.1873    32.4066     90.453      9.110     0.1538    -0.0389  1021.6241    21.6244     4.4108  0.000e+00
     -0.063    24.1871    32.4055     90.448      9.110     0.1507    -0.0435  1021.6234    21.6237     4.4106  0.000e+00
