data/CTD/원시자료/20220816-0817_현장조사/20220816-0817_CTD/St.1.cnv
* Sea-Bird SBE 19plus V2 Data File:
* FileName = D:\CTD\DATA\20220816-20220818_MABIC\St.1.hex
* Software Version Seasave V 7.26.7.121
* Temperature SN = 7832
* Conductivity SN = 7832
* System UpLoad Time = Aug 16 2022 16:13:56
** Ship:
** Station:
** Operator:
# nquan = 11
# nvalues = 1966                                  
# units = specified
# name 0 = depSM: Depth [salt water, m], lat = 0.00
# name 1 = tv290C: Temperature [ITS-90, deg C]
# name 2 = sal00: Salinity, Practical [PSU]
# name 3 = sbeox0PS: Oxygen, SBE 43 [% saturation]
# name 4 = ph: pH
# name 5 = turbWETntu0: Turbidity, WET Labs ECO [NTU]
# name 6 = flECO-AFL: Fluorescence, WET Labs ECO-AFL/FL [mg/m^3]
# name 7 = density00: Density [density, kg/m^3]
# name 8 = sigma-t00: Density [sigma-t, kg/m^3 ]
# name 9 = sbeox0ML/L: Oxygen, SBE 43 [ml/l]
# name 10 = flag:  0.000e+00
# span 0 =     -0.083,     47.937                 
# span 1 =    14.9958,    26.5547                 
# span 2 =     0.2895,    34.3069                 
# span 3 =     54.783,    120.385                 
# span 4 =      8.284,      9.148                 
# span 5 =    -0.0705,    68.4944                 
# span 6 =    -0.1526,     2.6131                 
# span 7 =   996.8546,  1025.6485                 
# span 8 =    -3.1450,    25.4375                 
# span 9 =     3.0907,     5.9233                 
# span 10 = 0.0000e+00, 0.0000e+00                
# interval = seconds: 0.25
# start_time = Aug 16 2022 07:13:56 [System UTC, header]
# bad_flag = -9.990e-29
*END*
[from data line 1050]
     31.562    15.9570    33.8482     56.218      9.015     1.1182     0.2449  1025.0120    24.8714     3.1626  0.000e+00
     31.590    15.9506    33.8354     56.163      9.017     1.1304     0.2434  1025.0038    24.8631     3.1601  0.000e+00
     31.580    15.9426    33.8401     56.143      9.016     1.1136     0.2479  1025.0092    24.8685     3.1594  0.000e+00
     31.535    15.9341    33.8475     56.171      9.017     1.1151     0.2434  1025.0165    24.8761     3.1613  0.000e+00
     31.475    15.9271    33.8414     56.170      9.016     1.1472     0.2327  1025.0132    24.8730     3.1619  0.000e+00
     31.430    15.9170    33.8518     56.170      9.018     1.1426     0.2319  1025.0233    24.8833     3.1623  0.000e+00
     31.387    15.9093    33.8671     56.176      9.017     1.1441     0.2319  1025.0366    24.8968     3.1628  0.000e+00
     31.340    15.9091    33.8742     56.242      9.017     1.1563     0.2281  1025.0419    24.9023     3.1664  0.000e+00
     31.289    15.9131    33.8710     56.287      9.018     1.1334     0.2144  1025.0383    24.8989     3.1687  0.000e+00
     31.248    15.9178    33.8655     56.324      9.015     1.1426     0.2189  1025.0328    24.8936     3.1706  0.000e+00
     31.225    15.9202    33.8559     56.357      9.015     1.1426     0.2235  1025.0248    24.8857     3.1725  0.000e+00
     31.225    15.9184    33.8485     56.391      9.016     1.1426     0.2136  1025.0195    24.8804     3.1747  0.000e+00
     31.252    15.9126    33.8558     56.475      9.016     1.1670     0.2258  1025.0266    24.8873     3.1796  0.000e+00
     31.300    15.9086    33.8575     56.530      9.016     1.1701     0.2319  1025.0290    24.8896     3.1830  0.000e+00
     31.374    15.9058    33.8551     56.547      9.015     1.1670     0.2319  1025.0281    24.8883     3.1842  0.000e+00
     31.466    15.9012    33.8555     56.494      9.013     1.1578     0.2327  1025.0299    24.8897     3.1814  0.000e+00
     31.583    15.8959    33.8592     56.459      9.016     1.1624     0.2319  1025.0344    24.8937     3.1797  0.000e+00
     31.713    15.8913    33.8541     56.467      9.016     1.1151     0.2075  1025.0322    24.8909     3.1806  0.000e+00
     31.852    15.8852    33.8536     56.390      9.015     1.1197     0.2083  1025.0338    24.8919     3.1766  0.000e+00
     31.992    15.8770    33.8582     56.422      9.016     1.1197     0.2090  1025.0398    24.8972     3.1789  0.000e+00
     32.131    15.8695    33.8673     56.287      9.016     1.1243     0.2106  1025.0490    24.9059     3.1715  0.000e+00
     32.248    15.8656    33.8771     56.252      9.015     1.1472     0.2319  1025.0580    24.9144     3.1696  0.000e+00
     32.344    15.8658    33.8810     56.193      9.016     1.1502     0.2334  1025.0614    24.9173     3.1662  0.000e+00
     32.412    15.8693    33.8755     56.249      9.016     1.1411     0.2312  1025.0567    24.9123     3.1692  0.000e+00
     32.445    15.8721    33.8697     56.230      9.016     1.1426     0.2281  1025.0517    24.9072     3.1681  0.000e+00
     32.443    15.8733    33.8691     56.198      9.018     1.1441     0.2044  1025.0510    24.9064     3.1662  0.000e+00
     32.403    15.8729    33.8615     56.316      9.016     1.1456     0.2067  1025.0451    24.9007     3.1730  0.000e+00
     32.338    15.8691    33.8610     56.368      9.017     1.1411     0.2090  1025.0453    24.9012     3.1762  0.000e+00
     32.246    15.8624    33.8649     56.458      9.015     1.1395     0.2121  1025.0493    24.9057     3.1817  0.000e+00
     32.140    15.8571    33.8755     56.505      9.015     1.1319     0.2052  1025.0582    24.9151     3.1844  0.000e+00
     32.016    15.8565    33.8758     56.508      9.016     1.1411     0.2052  1025.0581    24.9154     3.1846  0.000e+00
     31.881    15.8580    33.8685     56.471      9.017     1.1426     0.2083  1025.0515    24.9095     3.1826  0.000e+00
     31.738    15.8570    33.8663     56.479      9.017     1.1426     0.2067  1025.0494    24.9080     3.1832  0.000e+00
     31.598    15.8540    33.8650     56.476      9.014     1.0892     0.2220  1025.0484    24.9077     3.1832  0.000e+00
     31.459    15.8508    33.8728     56.519      9.015     1.0907     0.2205  1025.0545    24.9144     3.1857  0.000e+00
     31.331    15.8506    33.8801     56.540      9.015     1.0999     0.2205  1025.0596    24.9200     3.1867  0.000e+00
     31.215    15.8546    33.8864     56.670      9.013     1.0968     0.2228  1025.0630    24.9240     3.1936  0.000e+00
     31.125    15.8620    33.8780     56.625      9.015     1.0968     0.2235  1025.0545    24.9159     3.1908  0.000e+00
     31.064    15.8676    33.8628     56.609      9.015     1.1533     0.2235  1025.0413    24.9029     3.1899  0.000e+00
     31.041    15.8666    33.8634     56.633      9.015     1.1395     0.2197  1025.0419    24.9036     3.1913  0.000e+00
     31.046    15.8638    33.8698     56.656      9.014     1.1395     0.2197  1025.0475    24.9092     3.1926  0.000e+00
     31.086    15.8637    33.8737     56.591      9.013     1.1502     0.2167  1025.0507    24.9122     3.1889  0.000e+00
     31.165    15.8671    33.8773     56.539      9.014     1.1456     0.2159  1025.0530    24.9142     3.1857  0.000e+00
     31.260    15.8732    33.8775     56.479      9.011     1.1365     0.2136  1025.0522    24.9130     3.1819  0.000e+00
     31.379    15.8819    33.8711     56.431      9.012     1.1441     0.2205  1025.0458    24.9060     3.1788  0.000e+00
     31.516    15.8894    33.8690     56.511      9.012     1.1395     0.2182  1025.0431    24.9027     3.1829  0.000e+00
     31.652    15.8959    33.8681     56.495      9.011     1.1273     0.2235  1025.0416    24.9006     3.1816  0.000e+00
     31.808    15.9011    33.8608     56.506      9.011     1.1090     0.2220  1025.0355    24.8938     3.1820  0.000e+00
     31.958    15.9029    33.8529     56.482      9.010     1.1212     0.2182  1025.0296    24.8873     3.1807  0.000e+00
     32.108    15.8997    33.8461     56.427      9.011     1.1258     0.2212  1025.0258    24.8828     3.1780  0.000e+00
     32.253    15.8923    33.8490     56.370      9.011     1.1197     0.2220  1025.0304    24.8867     3.1751  0.000e+00
     32.401    15.8845    33.8524     56.305      9.008     1.1227     0.2151  1025.0354    24.8911     3.1719  0.000e+00
     32.544    15.8774    33.8497     56.231      9.012     1.1273     0.2174  1025.0356    24.8906     3.1682  0.000e+00
     32.691    15.8679    33.8525     56.174      9.011     1.1166     0.2182  1025.0405    24.8949     3.1656  0.000e+00
     32.830    15.8586    33.8611     56.151      9.012     1.1701     0.2197  1025.0499    24.9037     3.1646  0.000e+00
     32.938    15.8527    33.8695     56.102      9.009     1.1701     0.2182  1025.0582    24.9114     3.1621  0.000e+00
     33.014    15.8508    33.8760     56.084      9.013     1.1655     0.2174  1025.0640    24.9169     3.1611  0.000e+00
     33.039    15.8533    33.8779     56.193      9.009     1.1792     0.2205  1025.0650    24.9178     3.1671  0.000e+00
     33.028    15.8577    33.8776     56.193      9.011     1.1624     0.2151  1025.0636    24.9165     3.1668  0.000e+00
     32.991    15.8627    33.8728     56.253      9.010     1.1502     0.2044  1025.0586    24.9117     3.1699  0.000e+00
     32.933    15.8649    33.8562     56.324      9.010     1.1441     0.2083  1025.0452    24.8984     3.1741  0.000e+00
     32.863    15.8601    33.8591     56.332      9.009     1.1426     0.2083  1025.0481    24.9017     3.1748  0.000e+00
     32.785    15.8536    33.8646     56.410      9.010     1.1441     0.2022  1025.0535    24.9075     3.1795  0.000e+00
     32.713    15.8496    33.8676     56.434      9.014     1.1624     0.2060  1025.0564    24.9106     3.1811  0.000e+00
     32.657    15.8475    33.8736     56.378      9.010     1.1563     0.2029  1025.0612    24.9157     3.1779  0.000e+00
     32.627    15.8476    33.8704     56.410      9.008     1.1655     0.2083  1025.0586    24.9132     3.1798  0.000e+00
     32.637    15.8471    33.8650     56.510      9.010     1.1670     0.2113  1025.0547    24.9093     3.1856  0.000e+00
     32.684    15.8443    33.8676     56.526      9.009     1.1227     0.2182  1025.0575    24.9119     3.1866  0.000e+00
     32.764    15.8422    33.8658     56.585      9.011     1.1227     0.2167  1025.0569    24.9109     3.1901  0.000e+00
     32.877    15.8391    33.8627     56.572      9.009     1.1105     0.2212  1025.0557    24.9092     3.1896  0.000e+00
     33.019    15.8337    33.8620     56.657      9.009     1.1182     0.2174  1025.0571    24.9099     3.1947  0.000e+00
     33.191    15.8272    33.8662     56.701      9.010     1.1670     0.2113  1025.0625    24.9146     3.1975  0.000e+00
     33.396    15.8221    33.8733     56.700      9.008     1.1670     0.2067  1025.0700    24.9212     3.1976  0.000e+00
     33.616    15.8194    33.8783     56.659      9.008     1.1716     0.2037  1025.0754    24.9257     3.1954  0.000e+00
     33.863    15.8188    33.8780     56.631      9.007     1.1701     0.2090  1025.0765    24.9256     3.1939  0.000e+00
     34.131    15.8172    33.8692     56.557      9.008     1.2036     0.2052  1025.0713    24.9192     3.1900  0.000e+00
     34.400    15.8120    33.8565     56.582      9.005     1.2113     0.2037  1025.0639    24.9106     3.1920  0.000e+00
     34.685    15.8009    33.8010     56.539      9.009     1.2158     0.2060  1025.0250    24.8704     3.1913  0.000e+00
     34.975    15.7718    33.7528     56.491      9.010     1.2128     0.2067  1024.9957    24.8398     3.1914  0.000e+00
     35.252    15.7258    33.8043     56.435      9.011     1.2219     0.2113  1025.0469    24.8898     3.1901  0.000e+00
     35.517    15.6877    33.8353     56.237      9.015     1.1899     0.1938  1025.0805    24.9222     3.1807  0.000e+00
     35.743    15.6597    33.8506     56.034      9.013     1.1990     0.2014  1025.0996    24.9402     3.1706  0.000e+00
     35.903    15.6351    33.8871     55.872      9.013     1.1945     0.1930  1025.1338    24.9738     3.1623  0.000e+00
     36.009    15.6214    33.9220     55.880      9.015     1.1868     0.1968  1025.1643    25.0037     3.1630  0.000e+00
     36.074    15.6282    33.9215     55.976      9.017     1.0999     0.2319  1025.1626    25.0018     3.1680  0.000e+00
     36.116    15.6397    33.9060     56.265      9.016     1.0907     0.2350  1025.1484    24.9874     3.1839  0.000e+00
     36.143    15.6434    33.9026     56.535      9.015     1.0999     0.2319  1025.1450    24.9839     3.1990  0.000e+00
     36.172    15.6438    33.8931     56.876      9.016     1.0877     0.2342  1025.1377    24.9765     3.2185  0.000e+00
     36.204    15.6362    33.8879     57.150      9.015     1.1090     0.2090  1025.1356    24.9742     3.2346  0.000e+00
     36.256    15.6195    33.8946     57.323      9.016     1.1166     0.2022  1025.1448    24.9831     3.2453  0.000e+00
     36.327    15.5977    33.9056     57.301      9.015     1.1197     0.2052  1025.1584    24.9964     3.2452  0.000e+00
     36.406    15.5754    33.9139     57.250      9.018     1.1166     0.2037  1025.1701    25.0078     3.2436  0.000e+00
     36.514    15.5524    33.9238     57.145      9.018     1.3852     0.1922  1025.1833    25.0205     3.2389  0.000e+00
     36.637    15.5262    33.9379     57.024      9.019     1.3989     0.1983  1025.2006    25.0372     3.2334  0.000e+00
     36.774    15.4996    33.9402     56.912      9.020     1.3806     0.1968  1025.2089    25.0449     3.2288  0.000e+00
     36.916    15.4672    33.9435     56.920      9.021     1.3715     0.1938  1025.2193    25.0547     3.2312  0.000e+00
     37.064    15.4264    33.9768     56.962      9.022     1.3898     0.1922  1025.2547    25.0894     3.2355  0.000e+00
     37.228    15.3880    34.0048     57.027      9.025     1.1868     0.1785  1025.2855    25.1194     3.2411  0.000e+00
     37.397    15.3460    34.0319     57.181      9.024     1.1990     0.1793  1025.3165    25.1496     3.2520  0.000e+00
     37.559    15.2935    34.0717     57.368      9.024     1.1929     0.1800  1025.3594    25.1918     3.2653  0.000e+00
     37.718    15.2400    34.1176     57.542      9.025     1.1884     0.1838  1025.4074    25.2390     3.2777  0.000e+00
     37.864    15.1994    34.1522     57.688      9.027     1.3333     0.1503  1025.4436    25.2746     3.2880  0.000e+00
     38.008    15.1769    34.1671     57.855      9.025     1.3318     0.1495  1025.4607    25.2911     3.2987  0.000e+00
     38.147    15.1579    34.1865     57.981      9.026     1.3333     0.1526  1025.4804    25.3101     3.3067  0.000e+00
     38.284    15.1493    34.1950     58.031      9.026     1.3242     0.1518  1025.4895    25.3186     3.3099  0.000e+00
     38.410    15.1402    34.1995     58.000      9.025     1.4630     0.1480  1025.4955    25.3241     3.3087  0.000e+00
     38.549    15.1235    34.2118     57.968      9.027     1.4462     0.1526  1025.5093    25.3372     3.3077  0.000e+00
     38.684    15.1046    34.2300     57.829      9.026     1.4752     0.1533  1025.5281    25.3554     3.3007  0.000e+00
     38.817    15.0896    34.2413     57.676      9.026     1.4630     0.1541  1025.5407    25.3674     3.2927  0.000e+00
     38.954    15.0764    34.2529     57.611      9.025     1.7026     0.1190  1025.5532    25.3792     3.2896  0.000e+00
     39.102    15.0639    34.2612     57.455      9.026     1.6965     0.1198  1025.5629    25.3883     3.2813  0.000e+00
     39.259    15.0517    34.2696     57.310      9.026     1.6965     0.1213  1025.5728    25.3975     3.2737  0.000e+00
     39.410    15.0421    34.2803     57.342      9.029     1.6950     0.1205  1025.5838    25.4078     3.2759  0.000e+00
     39.563    15.0367    34.2837     57.314      9.025     1.7026     0.1159  1025.5883    25.4116     3.2746  0.000e+00
     39.720    15.0325    34.2859     57.271      9.027     2.2412     0.0671  1025.5917    25.4143     3.2724  0.000e+00
     39.888    15.0287    34.2878     57.284      9.027     2.2321     0.0679  1025.5947    25.4166     3.2733  0.000e+00
     40.057    15.0253    34.2900     57.284      9.029     2.2382     0.0709  1025.5979    25.4190     3.2735  0.000e+00
     40.234    15.0222    34.2895     57.313      9.028     2.2550     0.0709  1025.5990    25.4193     3.2754  0.000e+00
     40.416    15.0188    34.2905     57.307      9.028     2.4518     0.0892  1025.6013    25.4209     3.2752  0.000e+00
     40.605    15.0156    34.2938     57.235      9.027     2.4533     0.0824  1025.6054    25.4241     3.2713  0.000e+00
     40.811    15.0133    34.2961     57.218      9.028     2.4533     0.0824  1025.6086    25.4263     3.2704  0.000e+00
     41.020    15.0119    34.2959     57.234      9.027     2.4594     0.0831  1025.6096    25.4265     3.2714  0.000e+00
     41.207    15.0105    34.2978     57.148      9.029     2.5464     0.0633  1025.6122    25.4282     3.2666  0.000e+00
     41.409    15.0099    34.2975     57.150      9.028     2.5601     0.0664  1025.6131    25.4281     3.2667  0.000e+00
     41.598    15.0088    34.2998     57.106      9.027     2.5479     0.0694  1025.6159    25.4302     3.2642  0.000e+00
     41.780    15.0085    34.2988     57.129      9.028     2.5617     0.0664  1025.6160    25.4295     3.2656  0.000e+00
     41.948    15.0076    34.3000     57.139      9.026     2.7448     0.0671  1025.6179    25.4306     3.2662  0.000e+00
     42.085    15.0071    34.2991     57.127      9.025     2.7433     0.0694  1025.6179    25.4300     3.2656  0.000e+00
     42.211    15.0065    34.3004     57.125      9.029     2.7372     0.0686  1025.6196    25.4311     3.2654  0.000e+00
     42.319    15.0062    34.3026     57.062      9.029     2.7387     0.0686  1025.6218    25.4329     3.2618  0.000e+00
