data/CTD/원시자료/20220816-0817_현장조사/20220816-0817_CTD/St.2.cnv
* Sea-Bird SBE 19plus V2 Data File:
* FileName = D:\CTD\DATA\20220816-20220818_MABIC\St.2.hex
* Software Version Seasave V 7.26.7.121
* Temperature SN = 7832
* Conductivity SN = 7832
* System UpLoad Time = Aug 17 2022 21:14:52
** Ship:
** Station:
** Operator:
# nquan = 11
# nvalues = 1970                                  
# units = specified
# name 0 = depSM: Depth [salt water, m], lat = 0.00
# name 1 = tv290C: Temperature [ITS-90, deg C]
# name 2 = sal00: Salinity, Practical [PSU]
# name 3 = sbeox0PS: Oxygen, SBE 43 [% saturation]
# name 4 = ph: pH
# name 5 = turbWETntu0: Turbidity, WET Labs ECO [NTU]
# name 6 = flECO-AFL: Fluorescence, WET Labs ECO-AFL/FL [mg/m^3]
# name 7 = density00: Density [density, kg/m^3]
# name 8 = sigma-t00: Density [sigma-t, kg/m^3 ]
# name 9 = sbeox0ML/L: Oxygen, SBE 43 [ml/l]
# name 10 = flag:  0.000e+00
# span 0 =     -0.046,     57.414                 
# span 1 =    15.1212,    23.0796                 
# span 2 =     1.0309,    34.1453                 
# span 3 =     58.924,    132.859                 
# span 4 =      8.902,      9.302                 
# span 5 =     0.0821,    17.9336                 
# span 6 =    -0.0580,     2.1584                 
# span 7 =   998.5340,  1025.5274                 
# span 8 =    -1.4658,    25.2758                 
# span 9 =     3.3602,     7.0539                 
# span 10 = 0.0000e+00, 0.0000e+00                
# interval = seconds: 0.25
# start_time = Aug 17 2022 12:14:52 [System UTC, header]
# bad_flag = -9.990e-29
*END*
     -0.037    22.8338    27.4852     98.921      8.910     0.3186     0.0152  1018.2913    18.2915     5.0820  0.000e+00
     -0.039    22.8338    27.4206     98.983      8.905     0.3140     0.0152  1018.2425    18.2427     5.0871  0.000e+00
     -0.037    22.8336    27.4121     98.939      8.908     0.3247     0.0091  1018.2362    18.2364     5.0851  0.000e+00
     -0.039    22.8337    27.3758     98.945      8.910     0.2331    -0.0015  1018.2087    18.2089     5.0865  0.000e+00
     -0.039    22.8334    27.3971     98.998      8.912     0.2301    -0.0023  1018.2248    18.2250     5.0886  0.000e+00
     -0.037    22.8334    27.4190     98.872      8.911     0.2362     0.0007  1018.2414    18.2416     5.0815  0.000e+00
     -0.037    22.8332    27.4929     98.899      8.910     0.2286     0.0007  1018.2973    18.2975     5.0808  0.000e+00
     -0.037    22.8330    27.6031     98.900      8.910     0.2774     0.0137  1018.3806    18.3808     5.0776  0.000e+00
     -0.039    22.8327    27.6475     98.866      8.911     0.2820     0.0091  1018.4143    18.4145     5.0745  0.000e+00
     -0.035    22.8325    27.6019     98.872      8.914     0.2835     0.0152  1018.3799    18.3801     5.0762  0.000e+00
     -0.039    22.8325    27.3385     98.814      8.909     0.2728     0.0107  1018.1808    18.1810     5.0810  0.000e+00
     -0.039    22.8326    26.4769     98.895      8.912     0.2286     0.0137  1017.5299    17.5301     5.1105  0.000e+00
     -0.039    22.8325    24.2401     98.812      8.911     0.2393     0.0122  1015.8412    15.8413     5.1728  0.000e+00
     -0.037    22.8326    21.3623     98.973      8.912     0.2393     0.0129  1013.6707    13.6709     5.2682  0.000e+00
     -0.039    22.8326    20.1436     99.024      8.908     0.2347     0.0107  1012.7523    12.7525     5.3082  0.000e+00
     -0.039    22.8324    19.9447     98.956      8.905     0.2255     0.0091  1012.6025    12.6027     5.3107  0.000e+00
     -0.039    22.8320    19.9797     98.960      8.907     0.1782     0.0335  1012.6290    12.6291     5.3098  0.000e+00
     -0.037    22.8312    20.0267     98.997      8.905     0.1767     0.0358  1012.6646    12.6648     5.3105  0.000e+00
     -0.039    22.8303    19.8901     98.997      8.904     0.1858     0.0343  1012.5620    12.5621     5.3148  0.000e+00
     -0.037    22.8284    19.6112     98.958      8.904     0.1813     0.0320  1012.3524    12.3525     5.3214  0.000e+00
     -0.040    22.8259    19.1534     98.933      8.904     0.1401     0.0366  1012.0081    12.0083     5.3344  0.000e+00
     -0.037    22.8234    18.6323     98.898      8.906     0.1218     0.0343  1011.6163    11.6165     5.3489  0.000e+00
     -0.039    22.8209    20.9045     98.894      8.903     0.1355     0.0397  1013.3288    13.3290     5.2791  0.000e+00
     -0.039    22.8189    24.9255     98.920      8.906     0.1340     0.0320  1016.3622    16.3623     5.1593  0.000e+00
     -0.039    22.8172    25.6687     98.913      8.902     0.2347    -0.0008  1016.9237    16.9239     5.1369  0.000e+00
     -0.039    22.8159    22.8457     98.892      8.906     0.2301    -0.0008  1014.7936    14.7938     5.2205  0.000e+00
     -0.039    22.8151    13.8240     98.954      8.906     0.2301    -0.0015  1007.9996     7.9998     5.5035  0.000e+00
     -0.035    22.8137    18.8925     98.944      8.907     0.2270    -0.0008  1011.8149    11.8150     5.3443  0.000e+00
     -0.041    22.8096    19.2602     98.942      8.911     0.2316     0.0091  1012.0929    12.0931     5.3332  0.000e+00
     -0.042    22.8022    19.4137     98.986      8.915     0.2393     0.0137  1012.2105    12.2107     5.3316  0.000e+00
     -0.042    22.7943    19.5750     98.975      8.921     0.2286     0.0061  1012.3341    12.3343     5.3268  0.000e+00
     -0.041    22.7897    15.2909     98.879      8.925     0.2270     0.0152  1009.1098     9.1100     5.4555  0.000e+00
     -0.041    22.7899    14.7917     98.884      8.931     0.2789    -0.0153  1008.7342     8.7344     5.4715  0.000e+00
     -0.041    22.7943    18.0910     98.947      8.932     0.2743    -0.0092  1011.2164    11.2166     5.3712  0.000e+00
     -0.042    22.8000    17.3730     98.897      8.936     0.2774    -0.0107  1010.6743    10.6745     5.3902  0.000e+00
     -0.044    22.8049    18.9732     98.925      8.938     0.2743    -0.0153  1011.8780    11.8782     5.3416  0.000e+00
     -0.044    22.8087    19.8392     98.756      8.940     0.2805    -0.0115  1012.5293    12.5295     5.3054  0.000e+00
     -0.042    22.8106    19.3925     98.928      8.936     0.3018    -0.0038  1012.1923    12.1924     5.3282  0.000e+00
     -0.041    22.8054    18.5793     99.000      8.938     0.2972    -0.0038  1011.5812    11.5814     5.3578  0.000e+00
     -0.041    22.7963    16.2997     98.929      8.939     0.3140     0.0015  1009.8673     9.8675     5.4259  0.000e+00
     -0.042    22.7910    15.4437     99.010      8.939     0.3064    -0.0038  1009.2245     9.2246     5.4578  0.000e+00
     -0.041    22.7869    15.1817     98.954      8.937     0.1874     0.0206  1009.0284     9.0286     5.4634  0.000e+00
     -0.042    22.7834    15.0998     98.980      8.938     0.1767     0.0213  1008.9677     8.9679     5.4677  0.000e+00
     -0.035    22.7805    15.1210     98.980      8.937     0.1858     0.0290  1008.9844     8.9846     5.4674  0.000e+00
     -0.037    22.7778    15.2089     98.935      8.936     0.1828     0.0236  1009.0512     9.0514     5.4624  0.000e+00
     -0.037    22.7742    15.5028     98.864      8.936     0.1370    -0.0000  1009.2733     9.2735     5.4495  0.000e+00
     -0.037    22.7703    16.4321     98.938      8.938     0.1263     0.0007  1009.9737     9.9739     5.4248  0.000e+00
     -0.039    22.7641    13.0053     98.980      8.938     0.1431    -0.0023  1007.3968     7.3970     5.5363  0.000e+00
     -0.037    22.7560    10.2898     98.909      8.938     0.1248    -0.0046  1005.3562     5.3564     5.6206  0.000e+00
     -0.041    22.7482    13.8399     98.901      8.939     0.2850    -0.0321  1008.0287     8.0289     5.5069  0.000e+00
     -0.042    22.7408    11.4266     98.933      8.941     0.2743    -0.0382  1006.2152     6.2154     5.5867  0.000e+00
     -0.039    22.7343    11.2182     98.923      8.941     0.2835    -0.0336  1006.0600     6.0602     5.5936  0.000e+00
     -0.039    22.7291    19.0630     98.927      8.939     0.2728    -0.0382  1011.9656    11.9658     5.3463  0.000e+00
     -0.044    22.7266    18.0573     98.953      8.946     0.1569    -0.0015  1011.2087    11.2089     5.3792  0.000e+00
     -0.042    22.7260    16.8485     98.928      8.945     0.1538     0.0030  1010.2987    10.2989     5.4156  0.000e+00
     -0.040    22.7270    15.6026     98.936      8.946     0.1630    -0.0008  1009.3606     9.3608     5.4551  0.000e+00
     -0.039    22.7298    12.1437     98.951      8.947     0.1660     0.0061  1006.7573     6.7575     5.5658  0.000e+00
     -0.040    22.7340     9.7143     98.936      8.949     0.2576    -0.0489  1004.9288     4.9290     5.6432  0.000e+00
     -0.040    22.7387     8.5113     98.927      8.949     0.2484    -0.0496  1004.0227     4.0228     5.6815  0.000e+00
     -0.039    22.7435     6.7806     98.885      8.946     0.2560    -0.0496  1002.7191     2.7193     5.7356  0.000e+00
     -0.042    22.7482     5.8184     98.874      8.945     0.2591    -0.0527  1001.9936     1.9938     5.7664  0.000e+00
     -0.042    22.7520     5.5944     98.857      8.946     0.2591    -0.0473  1001.8240     1.8242     5.7725  0.000e+00
     -0.040    22.7549     5.5163     98.948      8.948     0.2515    -0.0252  1001.7644     1.7646     5.7801  0.000e+00
     -0.042    22.7567     6.4311     98.922      8.945     0.2560    -0.0260  1002.4528     2.4530     5.7479  0.000e+00
     -0.042    22.7584     7.8631     98.958      8.948     0.2545    -0.0252  1003.5300     3.5302     5.7025  0.000e+00
     -0.042    22.7573     7.2834     98.970      8.947     0.2621    -0.0237  1003.0941     3.0943     5.7224  0.000e+00
     -0.040    22.7552     7.0029     98.986      8.947     0.2774    -0.0244  1002.8835     2.8837     5.7329  0.000e+00
     -0.039    22.7530     6.7232     98.940      8.945     0.2759    -0.0237  1002.6736     2.6737     5.7397  0.000e+00
     -0.040    22.7517     6.3980     98.964      8.946     0.2774    -0.0267  1002.4291     2.4293     5.7520  0.000e+00
     -0.039    22.7505     6.1095     98.967      8.945     0.2896    -0.0237  1002.2122     2.2124     5.7619  0.000e+00
     -0.044    22.7500     6.0238     98.983      8.944     0.2393    -0.0038  1002.1478     2.1480     5.7657  0.000e+00
     -0.040    22.7502     5.6611     98.904      8.946     0.2255    -0.0000  1001.8747     1.8748     5.7732  0.000e+00
     -0.044    22.7507     5.2526     98.975      8.944     0.2316    -0.0054  1001.5668     1.5670     5.7909  0.000e+00
     -0.042    22.7517     4.9400     98.930      8.947     0.2362    -0.0031  1001.3311     1.3313     5.7986  0.000e+00
     -0.042    22.7526     4.7342     98.919      8.947     0.2789    -0.0069  1001.1759     1.1761     5.8048  0.000e+00
     -0.042    22.7538     4.6275     98.916      8.946     0.2805    -0.0046  1001.0952     1.0954     5.8080  0.000e+00
     -0.041    22.7551     4.5189     98.919      8.945     0.2850     0.0007  1001.0131     1.0133     5.8117  0.000e+00
     -0.037    22.7556     4.4493     98.944      8.945     0.2896     0.0007  1000.9605     0.9607     5.8154  0.000e+00
     -0.037    22.7562     4.4625     98.918      8.945     0.2362     0.0023  1000.9704     0.9705     5.8134  0.000e+00
     -0.041    22.7568     5.2854     98.936      8.943     0.2347     0.0030  1001.5901     1.5903     5.7869  0.000e+00
     -0.041    22.7573     5.9020     98.902      8.944     0.2301    -0.0031  1002.0543     2.0545     5.7643  0.000e+00
     -0.041    22.7576     5.5725     98.905      8.948     0.2362    -0.0000  1001.8062     1.8063     5.7754  0.000e+00
     -0.039    22.7583     5.6192     98.906      8.944     0.2347    -0.0015  1001.8411     1.8413     5.7738  0.000e+00
     -0.042    22.7587     5.5152     98.972      8.946     0.2286    -0.0015  1001.7627     1.7629     5.7811  0.000e+00
     -0.042    22.7588     5.3926     99.000      8.945     0.2255     0.0007  1001.6703     1.6705     5.7868  0.000e+00
     -0.041    22.7584     5.3179     98.937      8.945     0.2286    -0.0031  1001.6142     1.6144     5.7857  0.000e+00
     -0.042    22.7580     5.2719     98.993      8.945     0.2118    -0.0008  1001.5797     1.5799     5.7906  0.000e+00
     -0.044    22.7574     5.0932     98.985      8.944     0.2042    -0.0023  1001.4452     1.4454     5.7961  0.000e+00
     -0.041    22.7568     4.9512     98.983      8.945     0.2057    -0.0054  1001.3383     1.3385     5.8008  0.000e+00
     -0.041    22.7567     4.8348     98.959      8.945     0.2179    -0.0008  1001.2507     1.2509     5.8033  0.000e+00
     -0.039    22.7563     4.7439     98.928      8.944     0.2072     0.0023  1001.1824     1.1825     5.8046  0.000e+00
     -0.042    22.7562     4.6350     98.922      8.945     0.2911    -0.0351  1001.1003     1.1005     5.8079  0.000e+00
     -0.041    22.7562     4.6169     98.957      8.944     0.2774    -0.0382  1001.0866     1.0868     5.8106  0.000e+00
     -0.042    22.7565     4.5734     98.889      8.944     0.2850    -0.0405  1001.0538     1.0540     5.8080  0.000e+00
     -0.037    22.7569     4.5195     98.988      8.942     0.2881    -0.0405  1001.0131     1.0133     5.8155  0.000e+00
     -0.039    22.7568     4.4233     98.943      8.944     0.2911    -0.0153  1000.9406     0.9408     5.8162  0.000e+00
     -0.041    22.7571     4.2929     99.024      8.945     0.2866    -0.0138  1000.8423     0.8425     5.8253  0.000e+00
     -0.040    22.7575     4.1786     98.949      8.944     0.2789    -0.0107  1000.7561     0.7562     5.8246  0.000e+00
     -0.037    22.7581     4.1537     98.938      8.943     0.2820    -0.0099  1000.7372     0.7373     5.8247  0.000e+00
     -0.041    22.7585     4.1965     98.909      8.945     0.3140    -0.0153  1000.7693     0.7695     5.8216  0.000e+00
     -0.039    22.7589     4.2197     98.956      8.947     0.3247    -0.0145  1000.7867     0.7869     5.8235  0.000e+00
     -0.040    22.7597     4.2059     98.903      8.944     0.3201    -0.0168  1000.7761     0.7763     5.8208  0.000e+00
     -0.044    22.7607     4.2287     98.963      8.945     0.3186    -0.0122  1000.7930     0.7932     5.8234  0.000e+00
     -0.039    22.7617     4.2907     98.983      8.947     0.2820    -0.0054  1000.8395     0.8397     5.8224  0.000e+00
     -0.040    22.7621     4.3303     98.930      8.943     0.2988    -0.0038  1000.8693     0.8695     5.8179  0.000e+00
     -0.040    22.7629     4.3105     98.960      8.944     0.2820    -0.0008  1000.8542     0.8544     5.8203  0.000e+00
     -0.040    22.7633     4.2616     98.970      8.944     0.2759     0.0007  1000.8173     0.8174     5.8224  0.000e+00
     -0.042    22.7638     4.1920     98.971      8.944     0.2087    -0.0031  1000.7646     0.7648     5.8248  0.000e+00
     -0.040    22.7639     4.1386     98.987      8.943     0.2042    -0.0023  1000.7244     0.7246     5.8275  0.000e+00
     -0.042    22.7641     4.1354     98.971      8.945     0.2133     0.0015  1000.7219     0.7221     5.8267  0.000e+00
     -0.042    22.7642     4.1546     98.994      8.943     0.2103    -0.0008  1000.7363     0.7365     5.8274  0.000e+00
     -0.040    22.7644     4.1513     98.965      8.945     0.1874    -0.0168  1000.7338     0.7340     5.8257  0.000e+00
     -0.042    22.7647     4.2042     98.948      8.945     0.1919    -0.0122  1000.7736     0.7738     5.8229  0.000e+00
     -0.039    22.7652     4.2895     98.910      8.944     0.1858    -0.0092  1000.8378     0.8379     5.8178  0.000e+00
     -0.040    22.7652     4.2878     98.934      8.945     0.1843    -0.0099  1000.8365     0.8367     5.8193  0.000e+00
     -0.040    22.7658     4.2725     98.957      8.943     0.2789    -0.0122  1000.8248     0.8250     5.8211  0.000e+00
     -0.039    22.7661     4.2070     98.948      8.942     0.2881    -0.0206  1000.7754     0.7755     5.8227  0.000e+00
     -0.044    22.7663     4.1134     98.902      8.945     0.2850    -0.0138  1000.7048     0.7050     5.8231  0.000e+00
     -0.040    22.7665     4.0150     98.916      8.944     0.2850    -0.0122  1000.6306     0.6307     5.8272  0.000e+00
     -0.039    22.7669     3.9192     98.984      8.943     0.2164     0.0015  1000.5583     0.5584     5.8344  0.000e+00
     -0.041    22.7671     3.8594     98.909      8.943     0.1981    -0.0038  1000.5131     0.5133     5.8320  0.000e+00
     -0.041    22.7673     3.8276     98.920      8.945     0.1981     0.0023  1000.4891     0.4893     5.8337  0.000e+00
     -0.041    22.7674     3.8167     99.000      8.943     0.2057    -0.0008  1000.4809     0.4810     5.8388  0.000e+00
     -0.039    22.7675     3.8134     98.977      8.945     0.2484    -0.0054  1000.4783     0.4785     5.8375  0.000e+00
     -0.041    22.7676     3.7758     98.942      8.943     0.2560    -0.0008  1000.4500     0.4502     5.8367  0.000e+00
     -0.039    22.7678     3.7717     98.963      8.942     0.2576    -0.0000  1000.4469     0.4470     5.8380  0.000e+00
     -0.037    22.7678     3.8226     98.929      8.944     0.2621     0.0007  1000.4852     0.4854     5.8343  0.000e+00
     -0.039    22.7680     3.9125     98.915      8.943     0.2225    -0.0214  1000.5529     0.5531     5.8305  0.000e+00
     -0.041    22.7684     3.9991     98.995      8.943     0.2148    -0.0221  1000.6181     0.6183     5.8322  0.000e+00
     -0.039    22.7682     4.0707     98.951      8.944     0.2042    -0.0298  1000.6722     0.6724     5.8272  0.000e+00
     -0.039    22.7682     4.2208     98.934      8.943     0.2087    -0.0267  1000.7853     0.7854     5.8212  0.000e+00
