data/CTD/원시자료/20220816-0817_현장조사/20220816-0817_CTD/St.2.cnv
* Sea-Bird SBE 19plus V2 Data File:
* FileName = D:\CTD\DATA\20220816-20220818_MABIC\St.2.hex
* Software Version Seasave V 7.26.7.121
* Temperature SN = 7832
* Conductivity SN = 7832
* System UpLoad Time = Aug 17 2022 21:14:52
** Ship:
** Station:
** Operator:
# nquan = 11
# nvalues = 1970                                  
# units = specified
# name 0 = depSM: Depth [salt water, m], lat = 0.00
# name 1 = tv290C: Temperature [ITS-90, deg C]
# name 2 = sal00: Salinity, Practical [PSU]
# name 3 = sbeox0PS: Oxygen, SBE 43 [% saturation]
# name 4 = ph: pH
# name 5 = turbWETntu0: Turbidity, WET Labs ECO [NTU]
# name 6 = flECO-AFL: Fluorescence, WET Labs ECO-AFL/FL [mg/m^3]
# name 7 = density00: Density [density, kg/m^3]
# name 8 = sigma-t00: Density [sigma-t, kg/m^3 ]
# name 9 = sbeox0ML/L: Oxygen, SBE 43 [ml/l]
# name 10 = flag:  0.000e+00
# span 0 =     -0.046,     57.414                 
# span 1 =    15.1212,    23.0796                 
# span 2 =     1.0309,    34.1453                 
# span 3 =     58.924,    132.859                 
# span 4 =      8.902,      9.302                 
# span 5 =     0.0821,    17.9336                 
# span 6 =    -0.0580,     2.1584                 
# span 7 =   998.5340,  1025.5274                 
# span 8 =    -1.4658,    25.2758                 
# span 9 =     3.3602,     7.0539                 
# span 10 = 0.0000e+00, 0.0000e+00                
# interval = seconds: 0.25
# start_time = Aug 17 2022 12:14:52 [System UTC, header]
# bad_flag = -9.990e-29
*END*
[from data line 1181]
     38.554    15.2543    33.9489     59.245      9.029     1.6736     0.0870  1025.2780    25.1059     3.3773  0.000e+00
     38.437    15.2558    33.9476     59.264      9.028     1.8170     0.0923  1025.2762    25.1046     3.3783  0.000e+00
     38.318    15.2574    33.9461     59.295      9.029     1.8170     0.0938  1025.2741    25.1031     3.3800  0.000e+00
     38.210    15.2590    33.9447     59.242      9.029     1.8170     0.0938  1025.2722    25.1017     3.3769  0.000e+00
     38.104    15.2602    33.9436     59.166      9.028     1.8201     0.0908  1025.2706    25.1005     3.3725  0.000e+00
     37.997    15.2616    33.9426     59.233      9.029     1.7209     0.0961  1025.2691    25.0994     3.3762  0.000e+00
     37.902    15.2627    33.9416     59.248      9.027     1.7133     0.0961  1025.2676    25.0984     3.3770  0.000e+00
     37.803    15.2638    33.9408     59.290      9.028     1.7163     0.0915  1025.2663    25.0976     3.3794  0.000e+00
     37.711    15.2647    33.9397     59.345      9.028     1.7179     0.0961  1025.2649    25.0966     3.3825  0.000e+00
     37.630    15.2654    33.9394     59.350      9.028     1.7545     0.1167  1025.2641    25.0962     3.3827  0.000e+00
     37.539    15.2659    33.9387     59.344      9.028     1.7438     0.1190  1025.2631    25.0955     3.3823  0.000e+00
     37.453    15.2671    33.9377     59.355      9.029     1.7346     0.1190  1025.2617    25.0945     3.3829  0.000e+00
     37.361    15.2688    33.9362     59.405      9.027     1.7453     0.1221  1025.2597    25.0929     3.3857  0.000e+00
     37.260    15.2704    33.9349     59.393      9.029     1.7179     0.0908  1025.2579    25.0916     3.3849  0.000e+00
     37.165    15.2718    33.9338     59.415      9.029     1.7163     0.0961  1025.2563    25.0904     3.3861  0.000e+00
     37.064    15.2728    33.9330     59.394      9.030     1.7255     0.0953  1025.2550    25.0896     3.3848  0.000e+00
     36.959    15.2736    33.9323     59.373      9.028     1.7224     0.0969  1025.2538    25.0889     3.3836  0.000e+00
     36.858    15.2746    33.9315     59.423      9.028     1.7224     0.0938  1025.2526    25.0881     3.3864  0.000e+00
     36.755    15.2751    33.9309     59.442      9.027     1.6995     0.1236  1025.2515    25.0874     3.3875  0.000e+00
     36.649    15.2755    33.9306     59.373      9.027     1.6995     0.1198  1025.2507    25.0871     3.3836  0.000e+00
     36.554    15.2758    33.9303     59.356      9.028     1.7026     0.1121  1025.2500    25.0869     3.3826  0.000e+00
     36.447    15.2760    33.9304     59.437      9.028     1.7056     0.1221  1025.2495    25.0869     3.3872  0.000e+00
     36.339    15.2761    33.9301     59.378      9.029     1.6995     0.1030  1025.2489    25.0867     3.3838  0.000e+00
     36.238    15.2761    33.9302     59.520      9.028     1.7041     0.1015  1025.2484    25.0867     3.3919  0.000e+00
     36.146    15.2763    33.9300     59.432      9.030     1.7026     0.0976  1025.2479    25.0865     3.3868  0.000e+00
     36.042    15.2768    33.9297     59.454      9.027     1.6889     0.0976  1025.2470    25.0861     3.3881  0.000e+00
     35.953    15.2784    33.9280     59.437      9.030     1.8155     0.1015  1025.2450    25.0845     3.3870  0.000e+00
     35.854    15.2810    33.9255     59.572      9.027     1.8125     0.1015  1025.2421    25.0820     3.3946  0.000e+00
     35.757    15.2833    33.9234     59.635      9.029     1.8170     0.1106  1025.2395    25.0799     3.3981  0.000e+00
     35.654    15.2850    33.9222     59.639      9.029     1.8247     0.1076  1025.2377    25.0786     3.3982  0.000e+00
     35.550    15.2861    33.9212     59.634      9.029     1.7957     0.1083  1025.2362    25.0775     3.3979  0.000e+00
     35.445    15.2871    33.9201     59.683      9.029     1.7957     0.1060  1025.2347    25.0765     3.4006  0.000e+00
     35.333    15.2881    33.9191     59.650      9.029     1.7957     0.1037  1025.2332    25.0755     3.3987  0.000e+00
     35.229    15.2890    33.9183     59.606      9.029     1.7941     0.1076  1025.2320    25.0747     3.3961  0.000e+00
     35.113    15.2902    33.9173     59.577      9.027     1.7758     0.1098  1025.2304    25.0737     3.3944  0.000e+00
     35.011    15.2913    33.9162     59.541      9.028     1.7621     0.1091  1025.2289    25.0726     3.3924  0.000e+00
     34.897    15.2919    33.9157     59.277      9.029     1.7743     0.1022  1025.2279    25.0721     3.3773  0.000e+00
     34.791    15.2924    33.9153     59.389      9.026     1.7697     0.1045  1025.2269    25.0716     3.3836  0.000e+00
     34.677    15.2929    33.9148     59.298      9.026     1.7758     0.1060  1025.2260    25.0712     3.3784  0.000e+00
     34.544    15.2933    33.9142     59.330      9.028     1.7972     0.1175  1025.2248    25.0706     3.3802  0.000e+00
     34.409    15.2941    33.9135     59.264      9.027     1.7850     0.1205  1025.2235    25.0699     3.3765  0.000e+00
     34.270    15.2955    33.9123     59.252      9.028     1.8018     0.1190  1025.2216    25.0686     3.3757  0.000e+00
     34.144    15.2972    33.9116     59.303      9.028     1.7911     0.1167  1025.2201    25.0677     3.3785  0.000e+00
     34.016    15.2989    33.9116     59.357      9.029     1.8338     0.1060  1025.2192    25.0673     3.3815  0.000e+00
     33.895    15.3015    33.9101     59.393      9.026     1.8414     0.1076  1025.2169    25.0657     3.3834  0.000e+00
     33.774    15.3052    33.9073     59.512      9.026     1.8430     0.1091  1025.2134    25.0626     3.3899  0.000e+00
     33.653    15.3092    33.9041     59.582      9.025     1.8338     0.1007  1025.2095    25.0593     3.3937  0.000e+00
     33.525    15.3139    33.8999     59.441      9.027     1.7972     0.1198  1025.2047    25.0551     3.3855  0.000e+00
     33.403    15.3181    33.8957     59.596      9.030     1.7987     0.1213  1025.2000    25.0509     3.3941  0.000e+00
     33.284    15.3226    33.8917     59.570      9.029     1.7896     0.1190  1025.1953    25.0468     3.3924  0.000e+00
     33.165    15.3265    33.8878     59.540      9.027     1.7926     0.1221  1025.1910    25.0430     3.3905  0.000e+00
     33.044    15.3299    33.8851     59.534      9.027     1.7255     0.1205  1025.1876    25.0401     3.3900  0.000e+00
     32.916    15.3326    33.8823     59.494      9.028     1.7148     0.1152  1025.1843    25.0374     3.3876  0.000e+00
     32.788    15.3354    33.8797     59.580      9.026     1.7224     0.1190  1025.1811    25.0348     3.3924  0.000e+00
     32.648    15.3378    33.8775     59.554      9.028     1.7255     0.1182  1025.1782    25.0325     3.3907  0.000e+00
     32.507    15.3397    33.8759     59.790      9.026     1.7163     0.1205  1025.1759    25.0308     3.4041  0.000e+00
     32.356    15.3415    33.8740     59.706      9.026     1.7499     0.1205  1025.1734    25.0290     3.3992  0.000e+00
     32.192    15.3430    33.8734     59.744      9.025     1.7468     0.1228  1025.1719    25.0282     3.4013  0.000e+00
     32.028    15.3450    33.8717     59.681      9.027     1.7392     0.1137  1025.1694    25.0264     3.3976  0.000e+00
     31.864    15.3480    33.8689     59.732      9.025     1.7545     0.1137  1025.1658    25.0236     3.4004  0.000e+00
     31.705    15.3517    33.8658     59.733      9.025     1.6919     0.1297  1025.1619    25.0204     3.4002  0.000e+00
     31.548    15.3554    33.8632     59.587      9.026     1.6919     0.1304  1025.1584    25.0176     3.3918  0.000e+00
     31.395    15.3593    33.8604     59.676      9.027     1.6965     0.1266  1025.1547    25.0146     3.3966  0.000e+00
     31.244    15.3632    33.8571     59.623      9.028     1.6919     0.1304  1025.1507    25.0112     3.3934  0.000e+00
     31.096    15.3677    33.8527     59.668      9.027     1.7468     0.1167  1025.1456    25.0068     3.3958  0.000e+00
     30.961    15.3738    33.8470     59.661      9.025     1.7484     0.1190  1025.1392    25.0011     3.3951  0.000e+00
     30.833    15.3816    33.8406     59.778      9.026     1.7514     0.1228  1025.1321    24.9945     3.4013  0.000e+00
     30.694    15.3890    33.8343     59.862      9.025     1.7423     0.1190  1025.1249    24.9879     3.4058  0.000e+00
     30.555    15.3958    33.8285     59.900      9.025     1.6705     0.1297  1025.1183    24.9819     3.4076  0.000e+00
     30.418    15.4024    33.8229     59.925      9.026     1.6736     0.1282  1025.1119    24.9762     3.4087  0.000e+00
     30.279    15.4089    33.8171     59.949      9.024     1.6828     0.1350  1025.1054    24.9703     3.4097  0.000e+00
     30.153    15.4148    33.8121     60.018      9.024     1.6797     0.1304  1025.0996    24.9651     3.4133  0.000e+00
     30.095    15.4191    33.8097     59.963      9.026     1.6736     0.1266  1025.0966    24.9623     3.4100  0.000e+00
     30.070    15.4223    33.8073     59.950      9.024     1.6095     0.1404  1025.0939    24.9598     3.4091  0.000e+00
     30.077    15.4251    33.8051     59.920      9.026     1.6004     0.1426  1025.0916    24.9574     3.4072  0.000e+00
     30.112    15.4265    33.8041     59.868      9.026     1.6034     0.1419  1025.0907    24.9563     3.4042  0.000e+00
     30.148    15.4194    33.8099     59.999      9.025     1.5988     0.1426  1025.0970    24.9624     3.4120  0.000e+00
     30.166    15.4160    33.8131     60.007      9.026     1.6431     0.1419  1025.1002    24.9656     3.4126  0.000e+00
     30.173    15.4195    33.8106     60.003      9.026     1.6477     0.1411  1025.0976    24.9630     3.4122  0.000e+00
     30.180    15.4231    33.8073     60.055      9.025     1.6614     0.1404  1025.0942    24.9596     3.4150  0.000e+00
     30.207    15.4266    33.8045     60.058      9.025     1.6568     0.1396  1025.0914    24.9566     3.4150  0.000e+00
     30.256    15.4303    33.8013     60.078      9.026     1.6431     0.1442  1025.0884    24.9533     3.4160  0.000e+00
     30.313    15.4340    33.7981     59.977      9.024     1.6492     0.1426  1025.0854    24.9501     3.4100  0.000e+00
     30.355    15.4363    33.7963     60.011      9.025     1.6492     0.1396  1025.0836    24.9482     3.4118  0.000e+00
     30.373    15.4371    33.7959     59.996      9.026     1.6431     0.1457  1025.0832    24.9477     3.4109  0.000e+00
     30.391    15.4367    33.7962     59.981      9.026     1.7056     0.1533  1025.0837    24.9480     3.4101  0.000e+00
     30.400    15.4352    33.7976     59.925      9.025     1.6919     0.1549  1025.0851    24.9494     3.4070  0.000e+00
     30.402    15.4333    33.7987     59.972      9.026     1.6980     0.1564  1025.0863    24.9507     3.4098  0.000e+00
     30.389    15.4314    33.8003     59.943      9.026     1.6995     0.1503  1025.0879    24.9523     3.4082  0.000e+00
     30.371    15.4301    33.8017     59.998      9.026     1.6980     0.1533  1025.0892    24.9537     3.4114  0.000e+00
     30.339    15.4291    33.8031     60.049      9.026     1.6767     0.1533  1025.0904    24.9550     3.4143  0.000e+00
     30.299    15.4297    33.8020     60.055      9.026     1.6797     0.1488  1025.0893    24.9541     3.4147  0.000e+00
     30.259    15.4312    33.8008     60.057      9.026     1.6705     0.1571  1025.0878    24.9528     3.4147  0.000e+00
     30.223    15.4341    33.7986     60.063      9.025     1.6690     0.1594  1025.0853    24.9504     3.4149  0.000e+00
     30.198    15.4371    33.7960     60.090      9.027     1.5775     0.1510  1025.0825    24.9478     3.4163  0.000e+00
     30.171    15.4401    33.7934     60.096      9.027     1.5775     0.1526  1025.0798    24.9451     3.4164  0.000e+00
     30.149    15.4428    33.7911     60.134      9.024     1.5820     0.1556  1025.0773    24.9427     3.4185  0.000e+00
     30.140    15.4453    33.7892     60.095      9.027     1.5714     0.1518  1025.0752    24.9407     3.4161  0.000e+00
     30.142    15.4471    33.7876     60.131      9.024     1.6034     0.1434  1025.0736    24.9391     3.4181  0.000e+00
     30.147    15.4484    33.7865     60.086      9.024     1.6065     0.1396  1025.0725    24.9380     3.4155  0.000e+00
     30.160    15.4495    33.7856     60.082      9.024     1.5836     0.1396  1025.0716    24.9370     3.4152  0.000e+00
     30.185    15.4499    33.7850     60.047      9.025     1.6080     0.1419  1025.0711    24.9364     3.4132  0.000e+00
     30.214    15.4502    33.7850     60.106      9.024     1.7667     0.1442  1025.0712    24.9364     3.4165  0.000e+00
     30.239    15.4498    33.7852     60.152      9.023     1.7652     0.1449  1025.0716    24.9367     3.4192  0.000e+00
     30.270    15.4496    33.7857     60.232      9.026     1.7713     0.1411  1025.0721    24.9371     3.4237  0.000e+00
     30.301    15.4490    33.7859     60.322      9.025     1.7667     0.1465  1025.0726    24.9374     3.4289  0.000e+00
     30.333    15.4482    33.7869     60.346      9.026     1.7591     0.1411  1025.0737    24.9383     3.4303  0.000e+00
     30.364    15.4469    33.7882     60.375      9.025     1.7392     0.1411  1025.0751    24.9396     3.4320  0.000e+00
     30.393    15.4455    33.7892     60.392      9.026     1.7453     0.1426  1025.0763    24.9407     3.4330  0.000e+00
     30.420    15.4437    33.7905     60.312      9.025     1.7392     0.1434  1025.0778    24.9421     3.4286  0.000e+00
     30.434    15.4417    33.7921     60.293      9.026     1.7499     0.1396  1025.0796    24.9438     3.4276  0.000e+00
     30.443    15.4401    33.7938     60.240      9.024     1.7224     0.1518  1025.0813    24.9455     3.4246  0.000e+00
     30.448    15.4384    33.7955     60.214      9.024     1.7240     0.1510  1025.0830    24.9471     3.4233  0.000e+00
     30.443    15.4367    33.7970     60.116      9.023     1.7224     0.1556  1025.0844    24.9486     3.4178  0.000e+00
     30.438    15.4355    33.7982     60.126      9.025     1.7163     0.1510  1025.0857    24.9499     3.4184  0.000e+00
     30.429    15.4344    33.7990     60.117      9.025     1.7194     0.1480  1025.0864    24.9507     3.4179  0.000e+00
     30.414    15.4336    33.7991     60.117      9.026     1.7224     0.1495  1025.0867    24.9510     3.4180  0.000e+00
     30.409    15.4334    33.7990     60.049      9.026     1.7117     0.1579  1025.0866    24.9509     3.4141  0.000e+00
     30.403    15.4339    33.7989     59.989      9.024     1.7255     0.1549  1025.0864    24.9507     3.4107  0.000e+00
     30.400    15.4345    33.7981     59.968      9.024     1.6919     0.1411  1025.0856    24.9500     3.4095  0.000e+00
     30.394    15.4352    33.7975     59.983      9.026     1.6858     0.1434  1025.0850    24.9494     3.4103  0.000e+00
     30.398    15.4355    33.7970     60.004      9.025     1.6980     0.1404  1025.0845    24.9489     3.4115  0.000e+00
     30.405    15.4359    33.7967     60.092      9.026     1.7026     0.1434  1025.0843    24.9486     3.4165  0.000e+00
     30.412    15.4363    33.7966     60.060      9.024     1.6919     0.1442  1025.0842    24.9484     3.4146  0.000e+00
     30.416    15.4366    33.7964     60.059      9.023     1.7209     0.1564  1025.0839    24.9482     3.4145  0.000e+00
     30.419    15.4366    33.7963     60.123      9.024     1.7117     0.1571  1025.0838    24.9481     3.4182  0.000e+00
     30.412    15.4364    33.7965     60.135      9.027     1.7133     0.1518  1025.0840    24.9483     3.4189  0.000e+00
     30.405    15.4365    33.7964     60.115      9.025     1.7285     0.1549  1025.0839    24.9482     3.4177  0.000e+00
     30.396    15.4369    33.7961     60.105      9.025     1.7224     0.1648  1025.0835    24.9479     3.4171  0.000e+00
     30.378    15.4370    33.7963     60.068      9.024     1.7209     0.1671  1025.0836    24.9480     3.4150  0.000e+00
