data/CTD/원시자료/20220816-0817_현장조사/20220816-0817_CTD/St.2.cnv
* Sea-Bird SBE 19plus V2 Data File:
* FileName = D:\CTD\DATA\20220816-20220818_MABIC\St.2.hex
* Software Version Seasave V 7.26.7.121
* Temperature SN = 7832
* Conductivity SN = 7832
* System UpLoad Time = Aug 17 2022 21:14:52
** Ship:
** Station:
** Operator:
# nquan = 11
# nvalues = 1970                                  
# units = specified
# name 0 = depSM: Depth [salt water, m], lat = 0.00
# name 1 = tv290C: Temperature [ITS-90, deg C]
# name 2 = sal00: Salinity, Practical [PSU]
# name 3 = sbeox0PS: Oxygen, SBE 43 [% saturation]
# name 4 = ph: pH
# name 5 = turbWETntu0: Turbidity, WET Labs ECO [NTU]
# name 6 = flECO-AFL: Fluorescence, WET Labs ECO-AFL/FL [mg/m^3]
# name 7 = density00: Density [density, kg/m^3]
# name 8 = sigma-t00: Density [sigma-t, kg/m^3 ]
# name 9 = sbeox0ML/L: Oxygen, SBE 43 [ml/l]
# name 10 = flag:  0.000e+00
# span 0 =     -0.046,     57.414                 
# span 1 =    15.1212,    23.0796                 
# span 2 =     1.0309,    34.1453                 
# span 3 =     58.924,    132.859                 
# span 4 =      8.902,      9.302                 
# span 5 =     0.0821,    17.9336                 
# span 6 =    -0.0580,     2.1584                 
# span 7 =   998.5340,  1025.5274                 
# span 8 =    -1.4658,    25.2758                 
# span 9 =     3.3602,     7.0539                 
# span 10 = 0.0000e+00, 0.0000e+00                
# interval = seconds: 0.25
# start_time = Aug 17 2022 12:14:52 [System UTC, header]
# bad_flag = -9.990e-29
*END*
[from data line 656]
     16.558    17.7322    32.8301     71.015      9.072     0.3430     0.6927  1023.7491    23.6756     3.8840  0.000e+00
     16.715    17.6603    32.8500     70.946      9.072     0.3201     0.6607  1023.7823    23.7082     3.8851  0.000e+00
     16.868    17.5980    32.8753     71.209      9.075     0.3140     0.6546  1023.8173    23.7425     3.9036  0.000e+00
     17.030    17.5473    32.9026     71.548      9.077     0.3232     0.6569  1023.8511    23.7755     3.9253  0.000e+00
     17.194    17.5073    32.9284     71.744      9.079     0.3201     0.6569  1023.8811    23.8048     3.9385  0.000e+00
     17.351    17.4784    32.9501     72.278      9.079     0.3049     0.5356  1023.9054    23.8284     3.9695  0.000e+00
     17.519    17.4583    32.9662     72.642      9.078     0.3201     0.5394  1023.9232    23.8455     3.9906  0.000e+00
     17.670    17.4456    32.9786     73.000      9.076     0.3079     0.5356  1023.9364    23.8580     4.0110  0.000e+00
     17.829    17.4374    32.9839     73.271      9.079     0.3079     0.5424  1023.9432    23.8640     4.0263  0.000e+00
     17.991    17.4323    32.9841     73.359      9.078     0.3079     0.5058  1023.9452    23.8654     4.0316  0.000e+00
     18.141    17.4279    32.9815     73.291      9.079     0.3171     0.5119  1023.9450    23.8645     4.0283  0.000e+00
     18.285    17.4216    32.9668     73.189      9.080     0.3018     0.5127  1023.9358    23.8547     4.0235  0.000e+00
     18.431    17.4102    32.9741     73.069      9.081     0.3033     0.5119  1023.9448    23.8630     4.0176  0.000e+00
     18.564    17.3995    32.9558     72.941      9.080     0.3064     0.4997  1023.9339    23.8515     4.0118  0.000e+00
     18.698    17.3845    32.9435     72.803      9.080     0.3079     0.5012  1023.9287    23.8457     4.0057  0.000e+00
     18.824    17.3632    32.9439     72.690      9.082     0.3064     0.4989  1023.9346    23.8511     4.0011  0.000e+00
     18.948    17.3405    32.9198     72.593      9.083     0.2972     0.4982  1023.9220    23.8379     3.9981  0.000e+00
     19.067    17.3089    32.8647     72.596      9.081     0.3049     0.4936  1023.8879    23.8033     4.0020  0.000e+00
     19.190    17.2555    32.8645     72.442      9.082     0.3110     0.4753  1023.9009    23.8157     3.9976  0.000e+00
     19.309    17.1886    32.8568     72.477      9.083     0.3247     0.4715  1023.9114    23.8256     4.0049  0.000e+00
     19.429    17.1112    32.8630     72.361      9.084     0.3278     0.4761  1023.9349    23.8486     4.0043  0.000e+00
     19.557    17.0264    32.9152     72.229      9.084     0.3247     0.4730  1023.9954    23.9085     4.0023  0.000e+00
     19.685    16.9567    32.9612     72.093      9.083     0.3049     0.3906  1024.0476    23.9601     3.9990  0.000e+00
     19.824    16.9074    32.9909     71.877      9.083     0.3064     0.3891  1024.0826    23.9945     3.9901  0.000e+00
     19.959    16.8708    32.9947     71.686      9.085     0.2972     0.3868  1024.0946    24.0059     3.9822  0.000e+00
     20.116    16.8318    32.9994     71.486      9.083     0.3110     0.3914  1024.1081    24.0186     3.9740  0.000e+00
     20.280    16.7848    33.0240     71.208      9.083     0.2805     0.3708  1024.1386    24.0484     3.9615  0.000e+00
     20.442    16.7401    33.0581     70.939      9.082     0.2835     0.3685  1024.1759    24.0850     3.9492  0.000e+00
     20.615    16.7086    33.0840     70.769      9.084     0.2820     0.3700  1024.2038    24.1121     3.9415  0.000e+00
     20.790    16.6883    33.0881     70.588      9.082     0.2927     0.3654  1024.2125    24.1200     3.9329  0.000e+00
     20.963    16.6703    33.0965     70.414      9.082     0.3278     0.3357  1024.2238    24.1306     3.9243  0.000e+00
     21.143    16.6549    33.1057     70.243      9.085     0.3354     0.3342  1024.2352    24.1412     3.9158  0.000e+00
     21.309    16.6431    33.1054     70.148      9.084     0.3247     0.3303  1024.2385    24.1437     3.9114  0.000e+00
     21.468    16.6316    33.1050     70.011      9.083     0.3201     0.3296  1024.2416    24.1461     3.9046  0.000e+00
     21.612    16.6191    33.1044     69.958      9.083     0.3110     0.3311  1024.2447    24.1485     3.9026  0.000e+00
     21.749    16.6053    33.1079     69.847      9.081     0.3079     0.3280  1024.2512    24.1544     3.8974  0.000e+00
     21.882    16.5904    33.1013     69.899      9.084     0.3110     0.3387  1024.2501    24.1528     3.9016  0.000e+00
     22.005    16.5698    33.1112     69.920      9.084     0.3003     0.3342  1024.2630    24.1651     3.9041  0.000e+00
     22.113    16.5495    33.1211     69.995      9.083     0.3003     0.3303  1024.2758    24.1774     3.9096  0.000e+00
     22.225    16.5317    33.1255     70.024      9.082     0.3049     0.3570  1024.2837    24.1848     3.9125  0.000e+00
     22.336    16.5149    33.1295     70.022      9.083     0.3033     0.3540  1024.2912    24.1918     3.9135  0.000e+00
     22.437    16.4990    33.1419     69.940      9.084     0.3079     0.3532  1024.3049    24.2050     3.9099  0.000e+00
     22.553    16.4864    33.1568     69.900      9.082     0.3049     0.3578  1024.3197    24.2193     3.9082  0.000e+00
     22.664    16.4783    33.1643     69.736      9.084     0.2713     0.3311  1024.3279    24.2270     3.8995  0.000e+00
     22.774    16.4736    33.1748     69.667      9.084     0.2774     0.3235  1024.3375    24.2361     3.8957  0.000e+00
     22.888    16.4710    33.1937     69.643      9.083     0.2911     0.3280  1024.3531    24.2512     3.8942  0.000e+00
     23.012    16.4694    33.1943     69.556      9.083     0.2759     0.3311  1024.3545    24.2521     3.8894  0.000e+00
     23.131    16.4611    33.1746     69.629      9.082     0.3964     0.3334  1024.3418    24.2389     3.8946  0.000e+00
     23.265    16.4349    33.1639     69.584      9.081     0.3995     0.3303  1024.3402    24.2366     3.8943  0.000e+00
     23.394    16.3917    33.1645     69.593      9.080     0.3903     0.3250  1024.3512    24.2470     3.8981  0.000e+00
     23.528    16.3381    33.1966     69.475      9.082     0.3903     0.3296  1024.3887    24.2839     3.8948  0.000e+00
     23.667    16.2865    33.2172     69.336      9.080     0.4620     0.3074  1024.4170    24.3116     3.8904  0.000e+00
     23.804    16.2393    33.2144     69.201      9.080     0.4651     0.3052  1024.4262    24.3202     3.8865  0.000e+00
     23.946    16.1856    33.2282     68.964      9.079     0.4727     0.3082  1024.4496    24.3430     3.8769  0.000e+00
     24.081    16.1158    33.2733     68.727      9.078     0.4666     0.3036  1024.5008    24.3935     3.8678  0.000e+00
     24.205    16.0507    33.3055     68.381      9.077     0.4590     0.3044  1024.5409    24.4330     3.8525  0.000e+00
     24.323    15.9887    33.3330     68.079      9.079     0.4727     0.2304  1024.5766    24.4682     3.8395  0.000e+00
     24.449    15.9345    33.3462     67.746      9.079     0.4620     0.2357  1024.5995    24.4906     3.8245  0.000e+00
     24.584    15.8843    33.3474     67.394      9.077     0.4727     0.2365  1024.6124    24.5028     3.8083  0.000e+00
     24.735    15.8333    33.3668     67.062      9.079     0.4620     0.2296  1024.6395    24.5292     3.7929  0.000e+00
     24.888    15.7867    33.4053     66.668      9.078     0.5414     0.2151  1024.6802    24.5692     3.7732  0.000e+00
     25.043    15.7484    33.4799     66.502      9.077     0.5429     0.2044  1024.7469    24.6352     3.7649  0.000e+00
     25.191    15.7224    33.5535     66.253      9.076     0.5383     0.2090  1024.8099    24.6976     3.7511  0.000e+00
     25.332    15.7098    33.5838     66.068      9.076     0.5444     0.2083  1024.8367    24.7237     3.7408  0.000e+00
     25.474    15.7012    33.5935     65.974      9.074     0.6589     0.1838  1024.8467    24.7331     3.7359  0.000e+00
     25.604    15.6889    33.6038     65.907      9.072     0.6696     0.1861  1024.8580    24.7438     3.7328  0.000e+00
     25.719    15.6750    33.6127     65.747      9.070     0.6604     0.1808  1024.8684    24.7537     3.7246  0.000e+00
     25.836    15.6617    33.6227     65.581      9.069     0.6604     0.1861  1024.8796    24.7644     3.7159  0.000e+00
     25.927    15.6501    33.6333     65.285      9.070     0.7962     0.1861  1024.8908    24.7752     3.6997  0.000e+00
     25.995    15.6411    33.6404     64.906      9.071     0.7993     0.1884  1024.8986    24.7827     3.6787  0.000e+00
     26.051    15.6339    33.6489     64.468      9.070     0.8130     0.1892  1024.9070    24.7908     3.6542  0.000e+00
     26.100    15.6303    33.6554     64.050      9.069     0.8023     0.1869  1024.9130    24.7966     3.6307  0.000e+00
     26.141    15.6293    33.6525     63.753      9.070     0.8359     0.1846  1024.9112    24.7946     3.6140  0.000e+00
     26.177    15.6281    33.6489     63.452      9.070     0.8298     0.1869  1024.9088    24.7921     3.5971  0.000e+00
     26.206    15.6239    33.6501     63.270      9.068     0.8206     0.1838  1024.9108    24.7940     3.5870  0.000e+00
     26.242    15.6185    33.6535     63.102      9.070     0.8221     0.1877  1024.9148    24.7978     3.5778  0.000e+00
     26.282    15.6135    33.6569     63.086      9.072     0.8283     0.1854  1024.9187    24.8015     3.5772  0.000e+00
     26.336    15.6094    33.6597     63.192      9.072     0.9198     0.1694  1024.9220    24.8045     3.5834  0.000e+00
     26.401    15.6058    33.6629     63.292      9.071     0.9168     0.1724  1024.9256    24.8078     3.5893  0.000e+00
     26.487    15.6035    33.6659     63.363      9.070     0.9213     0.1777  1024.9288    24.8107     3.5934  0.000e+00
     26.588    15.6021    33.6660     63.428      9.070     0.9351     0.1747  1024.9296    24.8110     3.5972  0.000e+00
     26.707    15.5997    33.6694     63.603      9.069     0.9045     0.1587  1024.9333    24.8142     3.6072  0.000e+00
     26.842    15.5973    33.6721     63.703      9.070     0.9076     0.1648  1024.9366    24.8168     3.6130  0.000e+00
     26.994    15.5952    33.6741     63.760      9.069     0.9000     0.1632  1024.9392    24.8188     3.6163  0.000e+00
     27.165    15.5933    33.6754     63.769      9.071     0.9061     0.1571  1024.9414    24.8203     3.6169  0.000e+00
     27.347    15.5911    33.6780     63.737      9.070     0.8679     0.1549  1024.9447    24.8227     3.6152  0.000e+00
     27.536    15.5891    33.6799     63.741      9.067     0.8908     0.1549  1024.9475    24.8246     3.6155  0.000e+00
     27.723    15.5878    33.6810     63.715      9.070     0.8740     0.1526  1024.9494    24.8258     3.6141  0.000e+00
     27.913    15.5868    33.6825     63.729      9.067     0.8801     0.1526  1024.9516    24.8271     3.6150  0.000e+00
     28.088    15.5860    33.6838     63.650      9.067     0.8832     0.1541  1024.9536    24.8284     3.6105  0.000e+00
     28.246    15.5860    33.6856     63.566      9.069     0.8847     0.1510  1024.9557    24.8297     3.6057  0.000e+00
     28.392    15.5856    33.6873     63.547      9.070     0.8786     0.1510  1024.9577    24.8311     3.6046  0.000e+00
     28.524    15.5852    33.6878     63.437      9.069     0.8756     0.1579  1024.9588    24.8316     3.5984  0.000e+00
     28.635    15.5842    33.6894     63.491      9.069     0.8725     0.1549  1024.9608    24.8330     3.6015  0.000e+00
     28.733    15.5827    33.6901     63.471      9.069     0.9000     0.1617  1024.9620    24.8339     3.6005  0.000e+00
     28.819    15.5806    33.6904     63.525      9.066     0.9000     0.1648  1024.9631    24.8346     3.6037  0.000e+00
     28.888    15.5781    33.6919     63.466      9.068     0.9030     0.1617  1024.9651    24.8363     3.6005  0.000e+00
     28.947    15.5760    33.6952     63.507      9.069     0.9091     0.1640  1024.9685    24.8394     3.6028  0.000e+00
     28.994    15.5747    33.6961     63.481      9.067     0.8969     0.1564  1024.9696    24.8403     3.6015  0.000e+00
     29.036    15.5737    33.6987     63.393      9.066     0.8954     0.1488  1024.9720    24.8425     3.5965  0.000e+00
     29.077    15.5723    33.7009     63.418      9.068     0.8954     0.1518  1024.9743    24.8446     3.5980  0.000e+00
     29.113    15.5722    33.7002     63.312      9.069     0.9168     0.1564  1024.9739    24.8440     3.5920  0.000e+00
     29.151    15.5722    33.6992     63.247      9.066     0.9915     0.1632  1024.9733    24.8432     3.5883  0.000e+00
     29.189    15.5698    33.7005     63.155      9.068     1.0068     0.1579  1024.9750    24.8448     3.5832  0.000e+00
     29.232    15.5677    33.7012     63.107      9.068     1.0083     0.1610  1024.9762    24.8458     3.5806  0.000e+00
     29.288    15.5651    33.7018     63.086      9.066     0.9992     0.1602  1024.9775    24.8469     3.5796  0.000e+00
     29.351    15.5620    33.7057     63.042      9.067     1.1441     0.1709  1024.9815    24.8505     3.5772  0.000e+00
     29.432    15.5593    33.7083     63.011      9.067     1.1533     0.1762  1024.9844    24.8532     3.5756  0.000e+00
     29.529    15.5561    33.7087     62.976      9.066     1.1472     0.1762  1024.9858    24.8541     3.5739  0.000e+00
     29.645    15.5503    33.7104     63.034      9.065     1.1411     0.1724  1024.9890    24.8568     3.5775  0.000e+00
     29.769    15.5417    33.7141     63.004      9.065     1.1426     0.1747  1024.9943    24.8615     3.5763  0.000e+00
     29.906    15.5318    33.7206     62.988      9.064     1.1243     0.1579  1025.0021    24.8687     3.5760  0.000e+00
     30.068    15.5213    33.7302     62.955      9.065     1.1197     0.1488  1025.0126    24.8785     3.5747  0.000e+00
     30.229    15.5116    33.7384     62.892      9.065     1.1075     0.1533  1025.0218    24.8869     3.5716  0.000e+00
     30.404    15.5032    33.7456     62.789      9.064     1.1243     0.1571  1025.0300    24.8943     3.5661  0.000e+00
     30.582    15.4963    33.7520     62.605      9.064     1.1868     0.1434  1025.0372    24.9008     3.5561  0.000e+00
     30.762    15.4907    33.7577     62.484      9.064     1.1899     0.1442  1025.0436    24.9064     3.5494  0.000e+00
     30.937    15.4871    33.7624     62.305      9.064     1.1975     0.1503  1025.0488    24.9108     3.5394  0.000e+00
     31.114    15.4848    33.7653     62.130      9.062     1.1899     0.1388  1025.0524    24.9136     3.5296  0.000e+00
     31.283    15.4832    33.7679     62.021      9.062     1.3974     0.1343  1025.0555    24.9159     3.5234  0.000e+00
     31.443    15.4821    33.7703     61.868      9.060     1.4157     0.1327  1025.0583    24.9180     3.5148  0.000e+00
     31.584    15.4811    33.7719     61.719      9.058     1.4096     0.1282  1025.0604    24.9195     3.5063  0.000e+00
     31.719    15.4792    33.7743     61.606      9.060     1.4066     0.1289  1025.0633    24.9218     3.5000  0.000e+00
     31.836    15.4751    33.7772     61.465      9.058     1.6019     0.1587  1025.0669    24.9249     3.4922  0.000e+00
     31.943    15.4686    33.7830     61.346      9.056     1.5958     0.1610  1025.0733    24.9308     3.4858  0.000e+00
     32.029    15.4608    33.7882     61.252      9.056     1.6065     0.1579  1025.0794    24.9365     3.4809  0.000e+00
     32.105    15.4527    33.7940     61.143      9.056     1.6049     0.1579  1025.0861    24.9428     3.4751  0.000e+00
     32.172    15.4463    33.7983     61.004      9.057     1.6141     0.1610  1025.0911    24.9475     3.4676  0.000e+00
     32.224    15.4409    33.8023     60.764      9.056     1.6538     0.1495  1025.0956    24.9518     3.4542  0.000e+00
     32.264    15.4371    33.8071     60.595      9.054     1.6538     0.1564  1025.1003    24.9563     3.4447  0.000e+00
