data/CTD/원시자료/20220816-0817_현장조사/20220816-0817_CTD/St.2.cnv
* Sea-Bird SBE 19plus V2 Data File:
* FileName = D:\CTD\DATA\20220816-20220818_MABIC\St.2.hex
* Software Version Seasave V 7.26.7.121
* Temperature SN = 7832
* Conductivity SN = 7832
* System UpLoad Time = Aug 17 2022 21:14:52
** Ship:
** Station:
** Operator:
# nquan = 11
# nvalues = 1970                                  
# units = specified
# name 0 = depSM: Depth [salt water, m], lat = 0.00
# name 1 = tv290C: Temperature [ITS-90, deg C]
# name 2 = sal00: Salinity, Practical [PSU]
# name 3 = sbeox0PS: Oxygen, SBE 43 [% saturation]
# name 4 = ph: pH
# name 5 = turbWETntu0: Turbidity, WET Labs ECO [NTU]
# name 6 = flECO-AFL: Fluorescence, WET Labs ECO-AFL/FL [mg/m^3]
# name 7 = density00: Density [density, kg/m^3]
# name 8 = sigma-t00: Density [sigma-t, kg/m^3 ]
# name 9 = sbeox0ML/L: Oxygen, SBE 43 [ml/l]
# name 10 = flag:  0.000e+00
# span 0 =     -0.046,     57.414                 
# span 1 =    15.1212,    23.0796                 
# span 2 =     1.0309,    34.1453                 
# span 3 =     58.924,    132.859                 
# span 4 =      8.902,      9.302                 
# span 5 =     0.0821,    17.9336                 
# span 6 =    -0.0580,     2.1584                 
# span 7 =   998.5340,  1025.5274                 
# span 8 =    -1.4658,    25.2758                 
# span 9 =     3.3602,     7.0539                 
# span 10 = 0.0000e+00, 0.0000e+00                
# interval = seconds: 0.25
# start_time = Aug 17 2022 12:14:52 [System UTC, header]
# bad_flag = -9.990e-29
*END*
[from data line 1837]
     -0.039    21.8847    31.6274     89.892      9.175     0.2118    -0.0122  1021.6890    21.6892     4.5856  0.000e+00
     -0.040    21.8870    31.6251     89.886      9.175     0.2011    -0.0168  1021.6866    21.6868     4.5851  0.000e+00
     -0.040    21.8906    31.6208     89.869      9.172     0.2057    -0.0176  1021.6824    21.6826     4.5841  0.000e+00
     -0.037    21.8928    31.6185     89.913      9.172     0.2316    -0.0351  1021.6800    21.6802     4.5862  0.000e+00
     -0.037    21.8940    31.6143     89.952      9.174     0.2331    -0.0412  1021.6765    21.6766     4.5882  0.000e+00
     -0.037    21.8942    31.6137     89.966      9.173     0.2377    -0.0397  1021.6760    21.6761     4.5889  0.000e+00
     -0.035    21.8937    31.6149     89.983      9.173     0.2347    -0.0366  1021.6771    21.6772     4.5898  0.000e+00
     -0.037    21.8927    31.6152     90.021      9.174     0.2331    -0.0138  1021.6775    21.6777     4.5918  0.000e+00
     -0.039    21.8910    31.6169     89.958      9.175     0.2438    -0.0176  1021.6793    21.6795     4.5887  0.000e+00
     -0.033    21.8900    31.6193     90.023      9.173     0.2286    -0.0122  1021.6814    21.6816     4.5920  0.000e+00
     -0.035    21.8902    31.6201     90.062      9.173     0.2316    -0.0145  1021.6820    21.6821     4.5940  0.000e+00
     -0.035    21.8918    31.6187     90.029      9.175     0.2026    -0.0260  1021.6805    21.6807     4.5922  0.000e+00
     -0.039    21.8935    31.6172     90.008      9.172     0.2057    -0.0275  1021.6788    21.6790     4.5910  0.000e+00
     -0.037    21.8955    31.6163     89.966      9.174     0.2087    -0.0305  1021.6776    21.6778     4.5888  0.000e+00
     -0.037    21.8962    31.6165     89.999      9.171     0.2011    -0.0260  1021.6776    21.6777     4.5904  0.000e+00
     -0.039    21.8957    31.6169     90.047      9.172     0.1218    -0.0046  1021.6780    21.6782     4.5929  0.000e+00
     -0.035    21.8947    31.6176     90.026      9.171     0.1370    -0.0008  1021.6788    21.6790     4.5919  0.000e+00
     -0.035    21.8937    31.6171     90.029      9.173     0.1324    -0.0038  1021.6787    21.6788     4.5921  0.000e+00
     -0.039    21.8924    31.6138     89.977      9.170     0.1279    -0.0008  1021.6766    21.6767     4.5896  0.000e+00
     -0.035    21.8913    31.6170     89.949      9.170     0.2087    -0.0336  1021.6793    21.6794     4.5882  0.000e+00
     -0.037    21.8897    31.6205     89.982      9.171     0.2225    -0.0359  1021.6824    21.6826     4.5899  0.000e+00
     -0.041    21.8885    31.6228     89.904      9.172     0.2026    -0.0397  1021.6844    21.6846     4.5860  0.000e+00
     -0.037    21.8871    31.6248     89.924      9.173     0.2026    -0.0412  1021.6864    21.6866     4.5871  0.000e+00
     -0.037    21.8859    31.6259     89.850      9.172     0.2057    -0.0397  1021.6875    21.6877     4.5833  0.000e+00
     -0.037    21.8848    31.6250     89.963      9.173     0.0867    -0.0481  1021.6872    21.6873     4.5893  0.000e+00
     -0.035    21.8838    31.6236     89.958      9.173     0.0821    -0.0466  1021.6864    21.6866     4.5891  0.000e+00
     -0.037    21.8832    31.6217     89.917      9.173     0.0851    -0.0481  1021.6851    21.6853     4.5871  0.000e+00
     -0.039    21.8830    31.6199     89.986      9.175     0.0851    -0.0443  1021.6838    21.6840     4.5907  0.000e+00
     -0.042    21.8833    31.6176     89.983      9.174     0.2606    -0.0077  1021.6819    21.6821     4.5906  0.000e+00
     -0.039    21.8845    31.6157     89.980      9.174     0.2621    -0.0054  1021.6801    21.6803     4.5904  0.000e+00
     -0.041    21.8860    31.6156     89.971      9.172     0.2545    -0.0023  1021.6797    21.6798     4.5898  0.000e+00
     -0.039    21.8862    31.6145     89.971      9.175     0.2576    -0.0077  1021.6788    21.6789     4.5898  0.000e+00
     -0.039    21.8854    31.6146     89.940      9.176     0.2484    -0.0351  1021.6791    21.6792     4.5883  0.000e+00
     -0.037    21.8844    31.6160     90.009      9.176     0.2530    -0.0382  1021.6804    21.6806     4.5919  0.000e+00
     -0.041    21.8838    31.6170     89.981      9.175     0.2499    -0.0405  1021.6813    21.6815     4.5904  0.000e+00
     -0.037    21.8833    31.6178     89.976      9.177     0.2560    -0.0336  1021.6821    21.6823     4.5902  0.000e+00
     -0.037    21.8822    31.6198     89.972      9.177     0.2026    -0.0038  1021.6839    21.6841     4.5901  0.000e+00
     -0.037    21.8821    31.6196     90.016      9.176     0.2148    -0.0008  1021.6838    21.6840     4.5923  0.000e+00
     -0.037    21.8828    31.6184     90.020      9.176     0.2042    -0.0008  1021.6827    21.6829     4.5925  0.000e+00
     -0.039    21.8840    31.6173     89.942      9.177     0.2026    -0.0031  1021.6816    21.6817     4.5885  0.000e+00
     -0.039    21.8860    31.6158     90.007      9.174     0.1996    -0.0077  1021.6799    21.6800     4.5916  0.000e+00
     -0.035    21.8867    31.6153     89.979      9.175     0.1599    -0.0160  1021.6793    21.6795     4.5902  0.000e+00
     -0.037    21.8869    31.6156     90.011      9.176     0.1584    -0.0122  1021.6795    21.6796     4.5918  0.000e+00
     -0.039    21.8867    31.6162     90.003      9.175     0.1569    -0.0122  1021.6800    21.6802     4.5914  0.000e+00
     -0.037    21.8861    31.6167     89.986      9.175     0.1630    -0.0077  1021.6805    21.6806     4.5905  0.000e+00
     -0.039    21.8857    31.6172     89.958      9.175     0.1538    -0.0496  1021.6810    21.6812     4.5891  0.000e+00
     -0.039    21.8854    31.6181     89.995      9.175     0.1477    -0.0511  1021.6818    21.6819     4.5910  0.000e+00
     -0.039    21.8851    31.6186     89.987      9.175     0.1660    -0.0496  1021.6822    21.6824     4.5906  0.000e+00
     -0.039    21.8844    31.6196     89.980      9.175     0.1599    -0.0466  1021.6831    21.6833     4.5903  0.000e+00
     -0.037    21.8835    31.6205     89.964      9.173     0.2240    -0.0527  1021.6841    21.6843     4.5896  0.000e+00
     -0.039    21.8831    31.6204     89.922      9.176     0.2301    -0.0489  1021.6841    21.6843     4.5874  0.000e+00
     -0.043    21.8830    31.6175     89.956      9.175     0.2286    -0.0473  1021.6820    21.6822     4.5893  0.000e+00
     -0.039    21.8833    31.6143     89.907      9.176     0.2194    -0.0496  1021.6794    21.6796     4.5868  0.000e+00
     -0.041    21.8837    31.6130     89.933      9.175     0.1660    -0.0275  1021.6784    21.6785     4.5882  0.000e+00
     -0.041    21.8838    31.6132     89.971      9.175     0.1569    -0.0298  1021.6785    21.6786     4.5901  0.000e+00
     -0.041    21.8839    31.6112     89.931      9.175     0.1538    -0.0260  1021.6769    21.6771     4.5881  0.000e+00
     -0.039    21.8837    31.6111     89.970      9.175     0.1599    -0.0221  1021.6769    21.6771     4.5901  0.000e+00
     -0.039    21.8833    31.6128     89.966      9.174     0.1477    -0.0275  1021.6783    21.6785     4.5898  0.000e+00
     -0.039    21.8829    31.6138     89.941      9.175     0.1843    -0.0237  1021.6792    21.6794     4.5886  0.000e+00
     -0.041    21.8812    31.6169     90.002      9.176     0.1858    -0.0229  1021.6820    21.6822     4.5918  0.000e+00
     -0.041    21.8797    31.6178     90.015      9.176     0.1828    -0.0252  1021.6830    21.6832     4.5925  0.000e+00
     -0.037    21.8797    31.6173     90.019      9.174     0.1752    -0.0267  1021.6827    21.6829     4.5927  0.000e+00
     -0.039    21.8814    31.6168     90.033      9.178     0.1858    -0.0366  1021.6818    21.6820     4.5933  0.000e+00
     -0.037    21.8836    31.6159     90.016      9.178     0.1736    -0.0382  1021.6806    21.6808     4.5923  0.000e+00
     -0.039    21.8846    31.6166     90.044      9.176     0.1782    -0.0397  1021.6808    21.6810     4.5936  0.000e+00
     -0.037    21.8853    31.6178     90.020      9.175     0.1904    -0.0351  1021.6815    21.6817     4.5923  0.000e+00
     -0.041    21.8855    31.6152     90.020      9.177     0.2026    -0.0389  1021.6795    21.6797     4.5924  0.000e+00
     -0.037    21.8856    31.4263     89.986      9.173     0.2072    -0.0397  1021.5362    21.5364     4.5957  0.000e+00
     -0.041    21.8848    30.9675     89.998      9.173     0.2057    -0.0366  1021.1884    21.1886     4.6087  0.000e+00
     -0.037    21.8839    31.1250     89.968      9.175     0.2057    -0.0397  1021.3082    21.3083     4.6030  0.000e+00
     -0.037    21.8829    31.5520     89.930      9.173     0.1538    -0.0153  1021.6323    21.6325     4.5897  0.000e+00
     -0.039    21.8819    31.6205     89.971      9.172     0.1614    -0.0153  1021.6845    21.6847     4.5900  0.000e+00
     -0.043    21.8807    31.6206     89.961      9.173     0.1507    -0.0145  1021.6849    21.6851     4.5896  0.000e+00
     -0.039    21.8797    31.6176     89.957      9.174     0.1492    -0.0153  1021.6830    21.6831     4.5896  0.000e+00
     -0.041    21.8790    31.6150     89.903      9.171     0.1202    -0.0260  1021.6812    21.6813     4.5869  0.000e+00
     -0.041    21.8788    31.6123     89.948      9.172     0.1065    -0.0267  1021.6792    21.6793     4.5893  0.000e+00
     -0.041    21.8789    31.6113     89.910      9.170     0.1172    -0.0283  1021.6783    21.6785     4.5874  0.000e+00
     -0.039    21.8792    31.6115     89.959      9.172     0.1141    -0.0267  1021.6785    21.6786     4.5899  0.000e+00
     -0.041    21.8785    31.6130     89.866      9.170     0.1157    -0.0260  1021.6797    21.6799     4.5852  0.000e+00
     -0.041    21.8780    31.6143     89.898      9.170     0.1431    -0.0138  1021.6809    21.6811     4.5868  0.000e+00
     -0.041    21.8779    31.6139     89.922      9.171     0.1309    -0.0122  1021.6806    21.6808     4.5880  0.000e+00
     -0.041    21.8778    31.6144     89.987      9.170     0.1309    -0.0168  1021.6810    21.6812     4.5913  0.000e+00
     -0.039    21.8776    31.6153     89.965      9.170     0.1370    -0.0160  1021.6818    21.6819     4.5902  0.000e+00
     -0.039    21.8772    31.6163     89.966      9.172     0.2057    -0.0221  1021.6826    21.6828     4.5902  0.000e+00
     -0.039    21.8772    31.6170     89.975      9.171     0.2057    -0.0267  1021.6832    21.6833     4.5907  0.000e+00
     -0.041    21.8766    31.6184     90.019      9.172     0.2148    -0.0237  1021.6844    21.6846     4.5929  0.000e+00
     -0.037    21.8758    31.6194     90.002      9.171     0.2057    -0.0298  1021.6854    21.6855     4.5921  0.000e+00
     -0.039    21.8757    31.6195     90.013      9.170     0.1065    -0.0244  1021.6855    21.6856     4.5927  0.000e+00
     -0.039    21.8763    31.6186     90.000      9.170     0.1080    -0.0298  1021.6846    21.6848     4.5920  0.000e+00
     -0.039    21.8774    31.6171     89.991      9.169     0.1050    -0.0214  1021.6832    21.6833     4.5915  0.000e+00
     -0.043    21.8788    31.6154     89.955      9.169     0.1111    -0.0313  1021.6815    21.6817     4.5896  0.000e+00
     -0.039    21.8803    31.6138     90.014      9.170     0.1828    -0.0130  1021.6798    21.6800     4.5925  0.000e+00
     -0.041    21.8819    31.6133     89.982      9.169     0.1843    -0.0122  1021.6791    21.6793     4.5907  0.000e+00
     -0.038    21.8823    31.6119     89.924      9.172     0.1828    -0.0122  1021.6779    21.6780     4.5878  0.000e+00
     -0.039    21.8813    31.6140     89.991      9.168     0.1797    -0.0153  1021.6798    21.6799     4.5912  0.000e+00
     -0.036    21.8790    31.6157     89.934      9.168     0.1767    -0.0138  1021.6817    21.6819     4.5885  0.000e+00
     -0.039    21.8769    31.6174     89.979      9.169     0.2026    -0.0107  1021.6836    21.6837     4.5909  0.000e+00
     -0.039    21.8754    31.6191     89.932      9.168     0.2026    -0.0130  1021.6852    21.6854     4.5886  0.000e+00
     -0.039    21.8742    31.6206     89.983      9.168     0.2164    -0.0145  1021.6868    21.6869     4.5912  0.000e+00
     -0.041    21.8734    31.6174     89.909      9.170     0.2026    -0.0138  1021.6845    21.6847     4.5876  0.000e+00
     -0.039    21.8724    31.5283     89.953      9.169     0.2042    -0.0023  1021.6172    21.6173     4.5923  0.000e+00
     -0.038    21.8711    31.1221     89.983      9.167     0.2011    -0.0008  1021.3095    21.3096     4.6049  0.000e+00
     -0.041    21.8694    30.8991     89.947      9.166     0.2057    -0.0038  1021.1407    21.1409     4.6092  0.000e+00
     -0.039    21.8679    31.1734     89.959      9.168     0.2072    -0.0008  1021.3492    21.3494     4.6025  0.000e+00
     -0.041    21.8664    31.5412     89.946      9.167     0.3690    -0.0054  1021.6286    21.6288     4.5921  0.000e+00
     -0.039    21.8651    31.6299     90.006      9.167     0.3705    -0.0031  1021.6962    21.6964     4.5929  0.000e+00
     -0.041    21.8637    31.6328     89.983      9.167     0.3674    -0.0023  1021.6988    21.6990     4.5918  0.000e+00
     -0.039    21.8624    31.6336     89.967      9.166     0.3690    -0.0023  1021.6998    21.7000     4.5911  0.000e+00
     -0.038    21.8612    31.6330     89.970      9.169     1.3394    -0.0275  1021.6997    21.6998     4.5913  0.000e+00
     -0.045    21.8608    31.6316     89.948      9.168     1.3425    -0.0237  1021.6987    21.6989     4.5903  0.000e+00
     -0.039    21.8604    31.6286     89.979      9.168     1.3303    -0.0206  1021.6965    21.6967     4.5920  0.000e+00
     -0.039    21.8613    31.6246     89.990      9.168     1.3318    -0.0283  1021.6933    21.6934     4.5926  0.000e+00
     -0.041    21.8629    31.6227     89.983      9.169     1.4554     0.0099  1021.6914    21.6916     4.5921  0.000e+00
     -0.038    21.8647    31.6209     89.954      9.168     1.4508     0.0122  1021.6895    21.6897     4.5905  0.000e+00
     -0.039    21.8672    31.6177     89.954      9.167     1.4523     0.0076  1021.6864    21.6866     4.5904  0.000e+00
     -0.039    21.8704    31.6148     89.908      9.168     1.4615     0.0084  1021.6834    21.6836     4.5879  0.000e+00
     -0.041    21.8735    31.6142     89.952      9.168     1.4600     0.0099  1021.6821    21.6822     4.5899  0.000e+00
     -0.039    21.8758    31.6135     89.997      9.169     1.4340     0.0198  1021.6809    21.6810     4.5920  0.000e+00
     -0.039    21.8776    31.6132     89.981      9.169     1.4356     0.0191  1021.6801    21.6803     4.5911  0.000e+00
     -0.036    21.8786    31.6134     89.928      9.167     1.4325     0.0206  1021.6800    21.6802     4.5883  0.000e+00
     -0.038    21.8785    31.6147     90.032      9.170     1.4295     0.0213  1021.6810    21.6812     4.5936  0.000e+00
     -0.039    21.8777    31.6157     90.012      9.167     1.1655     0.0236  1021.6820    21.6822     4.5926  0.000e+00
     -0.038    21.8783    31.3039     89.989      9.168     1.1762     0.0252  1021.4453    21.4455     4.5997  0.000e+00
     -0.034    21.8807    31.8457     90.029      9.165     1.1685     0.0229  1021.8558    21.8559     4.5871  0.000e+00
     -0.040    21.8820    31.8479     89.972      9.168     1.1609     0.0213  1021.8570    21.8572     4.5840  0.000e+00
     -0.041    21.8817    31.6266     89.992      9.167     0.8832    -0.0038  1021.6892    21.6894     4.5909  0.000e+00
     -0.038    21.8811    31.4507     90.037      9.168     0.8832    -0.0046  1021.5559    21.5561     4.5980  0.000e+00
     -0.039    21.8812    31.7913     90.070      9.166     0.8801    -0.0038  1021.8143    21.8145     4.5905  0.000e+00
     -0.040    21.8819    31.7923     89.763      9.168     0.8771    -0.0054  1021.8148    21.8150     4.5748  0.000e+00
     -0.040    21.8819    31.7925     89.936      9.166     0.2759    -0.0260  1021.8150    21.8152     4.5836  0.000e+00
