data/CTD/원시자료/20220816-0817_현장조사/20220816-0817_CTD/St.3.cnv
* Sea-Bird SBE 19plus V2 Data File:
* FileName = D:\CTD\DATA\20220816-20220818_MABIC\St.3.hex
* Software Version Seasave V 7.26.7.121
* Temperature SN = 7832
* Conductivity SN = 7832
* System UpLoad Time = Aug 17 2022 07:20:09
** Ship:
** Station:
** Operator:
# nquan = 11
# nvalues = 3078                                  
# units = specified
# name 0 = depSM: Depth [salt water, m], lat = 0.00
# name 1 = tv290C: Temperature [ITS-90, deg C]
# name 2 = sal00: Salinity, Practical [PSU]
# name 3 = sbeox0PS: Oxygen, SBE 43 [% saturation]
# name 4 = ph: pH
# name 5 = turbWETntu0: Turbidity, WET Labs ECO [NTU]
# name 6 = flECO-AFL: Fluorescence, WET Labs ECO-AFL/FL [mg/m^3]
# name 7 = density00: Density [density, kg/m^3]
# name 8 = sigma-t00: Density [sigma-t, kg/m^3 ]
# name 9 = sbeox0ML/L: Oxygen, SBE 43 [ml/l]
# name 10 = flag:  0.000e+00
# span 0 =     -0.073,     46.015                 
# span 1 =    15.3200,    20.6394                 
# span 2 =     0.0000,    33.9899                 
# span 3 =     59.253,     94.108                 
# span 4 =      8.985,      9.135                 
# span 5 =     0.0561,    30.5986                 
# span 6 =    -0.1038,     1.6968                 
# span 7 =   998.1201,  1025.3216                 
# span 8 =    -1.8796,    25.1211                 
# span 9 =     3.3723,     5.7193                 
# span 10 = 0.0000e+00, 0.0000e+00                
# interval = seconds: 0.25
# start_time = Aug 16 2022 22:20:09 [System UTC, header]
# bad_flag = -9.990e-29
*END*
[from data line 2230]
     -0.069    20.4049     0.8112     85.992      9.046     0.2286    -0.0107   998.7398    -1.2599     5.4016  0.000e+00
     -0.066    20.4007     0.8024     86.063      9.046     0.1981    -0.0130   998.7340    -1.2657     5.4068  0.000e+00
     -0.068    20.3972     0.7965     86.129      9.045     0.2133    -0.0122   998.7302    -1.2695     5.4115  0.000e+00
     -0.066    20.3944     0.7957     86.116      9.046     0.2026    -0.0145   998.7302    -1.2695     5.4110  0.000e+00
     -0.068    20.3922     0.7991     86.062      9.044     0.2087    -0.0122   998.7333    -1.2664     5.4077  0.000e+00
     -0.066    20.3902     0.8053     86.044      9.045     0.2713    -0.0229   998.7384    -1.2613     5.4066  0.000e+00
     -0.066    20.3885     0.8113     86.020      9.042     0.2835    -0.0221   998.7433    -1.2563     5.4051  0.000e+00
     -0.064    20.3875     0.8298     85.986      9.046     0.2820    -0.0237   998.7576    -1.2421     5.4025  0.000e+00
     -0.066    20.3863     0.8429     85.963      9.043     0.2820    -0.0244   998.7679    -1.2318     5.4007  0.000e+00
     -0.068    20.3857     0.8780     85.961      9.042     0.2026    -0.0283   998.7948    -1.2049     5.3996  0.000e+00
     -0.064    20.3852     1.0468     85.851      9.043     0.2057    -0.0244   998.9234    -1.0763     5.3874  0.000e+00
     -0.064    20.3857     1.5012     85.819      9.043     0.2072    -0.0321   999.2689    -0.7308     5.3710  0.000e+00
     -0.064    20.3877     7.1606     85.772      9.045     0.2057    -0.0267  1003.5569     3.5572     5.1924  0.000e+00
     -0.066    20.3919    13.4836     85.797      9.042     0.2805    -0.0160  1008.3363     8.3366     5.0040  0.000e+00
     -0.066    20.3992    13.8663     85.792      9.043     0.2850    -0.0092  1008.6239     8.6242     4.9917  0.000e+00
     -0.064    20.4086    14.0138     85.748      9.042     0.2805    -0.0138  1008.7332     8.7335     4.9839  0.000e+00
     -0.064    20.4194    14.8327     85.780      9.042     0.2774    -0.0122  1009.3498     9.3501     4.9608  0.000e+00
     -0.066    20.4305    15.0821     85.818      9.042     0.2743    -0.0122  1009.5357     9.5360     4.9547  0.000e+00
     -0.066    20.4406    15.1072     85.773      9.042     0.2515    -0.0008  1009.5523     9.5526     4.9504  0.000e+00
     -0.064    20.4491    15.0984     85.856      9.044     0.2591    -0.0038  1009.5437     9.5439     4.9547  0.000e+00
     -0.064    20.4551    14.8841     85.915      9.042     0.2545    -0.0008  1009.3803     9.3806     4.9638  0.000e+00
     -0.064    20.4584     6.4460     85.990      9.044     0.2621    -0.0038  1003.0007     3.0010     5.2202  0.000e+00
     -0.062    20.4616     2.0526     86.006      9.044     0.2835    -0.0664   999.6717    -0.3281     5.3573  0.000e+00
     -0.064    20.4643     1.5744     86.122      9.044     0.2774    -0.0664   999.3078    -0.6919     5.3793  0.000e+00
     -0.068    20.4639     1.3268     86.169      9.045     0.2713    -0.0649   999.1196    -0.8801     5.3901  0.000e+00
     -0.068    20.4604     1.3020     86.183      9.044     0.2820    -0.0595   999.1015    -0.8982     5.3921  0.000e+00
     -0.068    20.4553     1.3696     86.276      9.043     0.2026    -0.0679   999.1540    -0.8457     5.3964  0.000e+00
     -0.068    20.4501     1.4320     86.069      9.044     0.2057    -0.0641   999.2025    -0.7972     5.3820  0.000e+00
     -0.071    20.4453     1.5498     86.426      9.045     0.2057    -0.0618   999.2932    -0.7065     5.4011  0.000e+00
     -0.068    20.4411     1.7465     86.268      9.043     0.2087    -0.0618   999.4435    -0.5561     5.3855  0.000e+00
     -0.070    20.4372     1.7804     86.246      9.043     0.2118    -0.0237   999.4701    -0.5295     5.3834  0.000e+00
     -0.070    20.4340     1.7541     86.204      9.045     0.2072    -0.0305   999.4509    -0.5488     5.3819  0.000e+00
     -0.071    20.4310     1.6809     86.137      9.043     0.1919    -0.0283   999.3958    -0.6038     5.3804  0.000e+00
     -0.068    20.4282     1.6391     86.089      9.043     0.1996    -0.0267   999.3646    -0.6351     5.3790  0.000e+00
     -0.073    20.4258     1.7433     86.060      9.044     0.2805    -0.0626   999.4444    -0.5553     5.3741  0.000e+00
     -0.073    20.4241     2.4339     85.979      9.042     0.2850    -0.0588   999.9692    -0.0305     5.3476  0.000e+00
     -0.068    20.4220     4.9997     85.841      9.043     0.2835    -0.0626  1001.9142     1.9145     5.2594  0.000e+00
     -0.064    20.4204     7.3243     85.849      9.042     0.2805    -0.0580  1003.6734     3.6737     5.1888  0.000e+00
     -0.070    20.4199    12.8474     85.743      9.044     0.3171    -0.0382  1007.8488     7.8491     5.0169  0.000e+00
     -0.068    20.4210    13.7469     85.841      9.042     0.3186    -0.0366  1008.5285     8.5288     4.9960  0.000e+00
     -0.066    20.4250    13.7403     85.777      9.042     0.3217    -0.0412  1008.5226     8.5229     4.9921  0.000e+00
     -0.064    20.4318    14.7002     85.759      9.040     0.3293    -0.0351  1009.2467     9.2470     4.9623  0.000e+00
     -0.066    20.4408    15.2491     85.686      9.039     0.2743    -0.0061  1009.6596     9.6599     4.9412  0.000e+00
     -0.062    20.4513    15.4520     85.809      9.040     0.2850    -0.0138  1009.8105     9.8108     4.9415  0.000e+00
     -0.061    20.4617    15.4520     85.819      9.041     0.2774    -0.0206  1009.8081     9.8083     4.9411  0.000e+00
     -0.064    20.4703    15.3458     85.796      9.042     0.2774    -0.0092  1009.7257     9.7260     4.9420  0.000e+00
     -0.066    20.4767    14.5934     85.885      9.042     0.3049    -0.0519  1009.1554     9.1557     4.9684  0.000e+00
     -0.066    20.4807     7.7494     85.987      9.041     0.3110    -0.0481  1003.9814     3.9817     5.1780  0.000e+00
     -0.062    20.4835     3.1697     86.064      9.041     0.3079    -0.0481  1000.5145     0.5148     5.3236  0.000e+00
     -0.068    20.4861     2.3254     86.148      9.042     0.3094    -0.0496   999.8735    -0.1262     5.3550  0.000e+00
     -0.066    20.4868     1.5361     86.189      9.043     0.2972    -0.0511   999.2738    -0.7258     5.3823  0.000e+00
     -0.066    20.4847     1.1227     86.229      9.042     0.2103    -0.0023   998.9599    -1.0398     5.3981  0.000e+00
     -0.068    20.4816     1.0107     86.368      9.044     0.2057    -0.0031   998.8753    -1.1244     5.4107  0.000e+00
     -0.066    20.4773     1.0139     86.360      9.040     0.2057    -0.0038   998.8787    -1.1210     5.4106  0.000e+00
     -0.066    20.4723     1.0044     86.333      9.042     0.2072    -0.0008   998.8725    -1.1272     5.4097  0.000e+00
     -0.066    20.4678     1.0178     86.321      9.041     0.3140    -0.0031   998.8837    -1.1160     5.4090  0.000e+00
     -0.066    20.4638     1.0279     86.340      9.044     0.3049    -0.0069   998.8922    -1.1075     5.4103  0.000e+00
     -0.068    20.4605     1.0440     86.277      9.044     0.3079    -0.0023   998.9052    -1.0945     5.4062  0.000e+00
     -0.066    20.4571     1.0563     86.253      9.044     0.2972    -0.0008   998.9153    -1.0844     5.4047  0.000e+00
     -0.064    20.4542     1.0794     86.156      9.042     0.1569    -0.0527   998.9335    -1.0662     5.3982  0.000e+00
     -0.064    20.4514     1.1466     86.078      9.044     0.1660    -0.0504   998.9852    -1.0145     5.3914  0.000e+00
     -0.068    20.4488     1.3241     86.014      9.043     0.1569    -0.0481   999.1208    -0.8789     5.3821  0.000e+00
     -0.068    20.4467     2.0659     86.039      9.043     0.1523    -0.0496   999.6850    -0.3147     5.3605  0.000e+00
     -0.066    20.4447     7.7986     85.974      9.042     0.1904    -0.0283  1004.0267     4.0270     5.1794  0.000e+00
     -0.068    20.4429     5.7784     85.989      9.041     0.1858    -0.0283  1002.4990     2.4994     5.2423  0.000e+00
     -0.066    20.4415     6.5442     85.982      9.041     0.1767    -0.0244  1003.0787     3.0790     5.2185  0.000e+00
     -0.064    20.4403     9.3312     85.910      9.043     0.1858    -0.0321  1005.1864     5.1867     5.1296  0.000e+00
     -0.064    20.4391     9.4705     85.935      9.041     0.3155    -0.0221  1005.2919     5.2922     5.1270  0.000e+00
     -0.064    20.4383    11.4737     85.955      9.041     0.3308    -0.0267  1006.8062     6.8065     5.0682  0.000e+00
     -0.064    20.4378    12.6912     85.942      9.040     0.3201    -0.0221  1007.7266     7.7269     5.0314  0.000e+00
     -0.066    20.4376    13.4123     85.965      9.041     0.3278    -0.0267  1008.2717     8.2720     5.0115  0.000e+00
     -0.068    20.4377    13.8281     85.935      9.042     0.3415    -0.0359  1008.5860     8.5863     4.9975  0.000e+00
     -0.062    20.4385    14.0412     85.945      9.043     0.3476    -0.0366  1008.7469     8.7472     4.9917  0.000e+00
     -0.061    20.4398    14.2024     85.968      9.040     0.3369    -0.0382  1008.8685     8.8688     4.9882  0.000e+00
     -0.064    20.4416    14.2380     86.005      9.043     0.3445    -0.0313  1008.8950     8.8953     4.9892  0.000e+00
     -0.066    20.4436    13.9838     86.115      9.042     0.3384    -0.0427  1008.7023     8.7026     5.0028  0.000e+00
     -0.062    20.4453    12.3276     86.096      9.044     0.3567    -0.0107  1007.4500     7.4503     5.0505  0.000e+00
     -0.064    20.4462     4.7224     86.100      9.042     0.3430    -0.0138  1001.6990     1.6993     5.2814  0.000e+00
     -0.062    20.4467     2.7160     86.114      9.043     0.3430    -0.0130  1000.1784     0.1787     5.3448  0.000e+00
     -0.061    20.4461     1.8711     86.210      9.042     0.3476    -0.0153   999.5371    -0.4626     5.3774  0.000e+00
     -0.064    20.4459     1.2533     86.231      9.042     0.3094    -0.0107   999.0676    -0.9321     5.3982  0.000e+00
     -0.064    20.4453     0.9429     86.204      9.043     0.3064    -0.0206   998.8315    -1.1682     5.4064  0.000e+00
     -0.062    20.4444     0.9086     86.213      9.042     0.3003    -0.0130   998.8055    -1.1942     5.4082  0.000e+00
     -0.062    20.4432     0.9011     86.261      9.043     0.3110    -0.0153   998.8001    -1.1996     5.4116  0.000e+00
     -0.064    20.4411     0.8790     86.262      9.042     0.3003    -0.0351   998.7837    -1.2160     5.4125  0.000e+00
     -0.066    20.4386     0.8770     86.290      9.042     0.3018    -0.0389   998.7827    -1.2170     5.4146  0.000e+00
     -0.066    20.4358     0.8824     86.287      9.043     0.2972    -0.0405   998.7874    -1.2123     5.4146  0.000e+00
     -0.066    20.4333     0.8964     86.227      9.042     0.3110    -0.0420   998.7986    -1.2011     5.4106  0.000e+00
     -0.070    20.4308     0.8956     86.242      9.043     0.2347    -0.0420   998.7985    -1.2012     5.4118  0.000e+00
     -0.068    20.4286     0.9022     86.262      9.042     0.2301    -0.0382   998.8040    -1.1957     5.4132  0.000e+00
     -0.068    20.4268     0.9412     86.267      9.044     0.2331    -0.0374   998.8341    -1.1656     5.4124  0.000e+00
     -0.068    20.4250     1.1286     86.047      9.042     0.2423    -0.0374   998.9771    -1.0226     5.3928  0.000e+00
     -0.062    20.4236     3.8750     86.229      9.040     0.2606    -0.0023  1001.0621     1.0624     5.3180  0.000e+00
     -0.066    20.4223     6.8252     86.182      9.041     0.2515    -0.0054  1003.2955     3.2958     5.2239  0.000e+00
     -0.066    20.4215     9.5542     86.114      9.041     0.2652     0.0015  1005.3592     5.3595     5.1369  0.000e+00
     -0.066    20.4215    12.5828     86.062      9.045     0.2621    -0.0031  1007.6484     7.6487     5.0432  0.000e+00
     -0.064    20.4228    13.7919     86.051      9.043     0.2377    -0.0366  1008.5621     8.5624     5.0067  0.000e+00
     -0.066    20.4264    14.2757     86.063      9.042     0.2286    -0.0397  1008.9270     8.9273     4.9929  0.000e+00
     -0.064    20.4326    14.0731     86.024      9.043     0.2316    -0.0389  1008.7724     8.7727     4.9960  0.000e+00
     -0.066    20.4410    14.7689     86.078      9.044     0.2316    -0.0366  1009.2965     9.2968     4.9779  0.000e+00
     -0.062    20.4507    15.2006     85.948      9.041     0.2393    -0.0435  1009.6206     9.6209     4.9569  0.000e+00
     -0.064    20.4617    15.3596     85.987      9.042     0.3049    -0.0626  1009.7382     9.7385     4.9534  0.000e+00
     -0.062    20.4725    15.4560     86.005      9.043     0.3049    -0.0611  1009.8085     9.8088     4.9506  0.000e+00
     -0.066    20.4826    15.4619     86.050      9.041     0.2972    -0.0649  1009.8106     9.8109     4.9521  0.000e+00
     -0.064    20.4912    15.4246     86.061      9.041     0.3064    -0.0603  1009.7803     9.7806     4.9530  0.000e+00
     -0.062    20.4980    15.3497     86.068      9.038     0.2331    -0.0038  1009.7221     9.7224     4.9549  0.000e+00
     -0.064    20.5020    14.5945     86.106      9.041     0.2347    -0.0092  1009.1503     9.1505     4.9788  0.000e+00
     -0.064    20.5046     7.0801     86.158      9.042     0.2316    -0.0038  1003.4700     3.4703     5.2064  0.000e+00
     -0.064    20.5065     3.6453     86.206      9.042     0.2225    -0.0015  1000.8700     0.8702     5.3151  0.000e+00
     -0.066    20.5082     2.7111     86.256      9.040     0.3110    -0.0244  1000.1614     0.1617     5.3472  0.000e+00
     -0.062    20.5072     1.7474     86.309      9.040     0.3049    -0.0252   999.4300    -0.5697     5.3810  0.000e+00
     -0.066    20.5042     1.2540     86.361      9.042     0.3049    -0.0260   999.0556    -0.9441     5.4001  0.000e+00
     -0.066    20.5003     1.0512     86.334      9.042     0.3049    -0.0275   998.9022    -1.0975     5.4053  0.000e+00
     -0.064    20.4959     1.0099     86.399      9.040     0.2866    -0.0244   998.8717    -1.1280     5.4111  0.000e+00
     -0.068    20.4909     1.0179     86.384      9.041     0.2911    -0.0267   998.8789    -1.1208     5.4104  0.000e+00
     -0.068    20.4863     1.0128     86.349      9.042     0.2774    -0.0267   998.8760    -1.1237     5.4090  0.000e+00
     -0.066    20.4821     1.0294     86.319      9.040     0.2774    -0.0267   998.8895    -1.1102     5.4070  0.000e+00
     -0.066    20.4785     1.0590     86.309      9.042     0.2118    -0.0305   998.9128    -1.0869     5.4058  0.000e+00
     -0.068    20.4753     1.1063     86.283      9.040     0.2072    -0.0252   998.9494    -1.0503     5.4030  0.000e+00
     -0.064    20.4724     1.2120     86.224      9.042     0.1996    -0.0298   999.0305    -0.9692     5.3963  0.000e+00
     -0.068    20.4696     1.5825     86.236      9.040     0.2057    -0.0252   999.3128    -0.6869     5.3856  0.000e+00
     -0.066    20.4671     4.0775     86.183      9.044     0.1919    -0.0275  1001.2060     1.2063     5.3043  0.000e+00
     -0.066    20.4653    12.0704     86.155      9.043     0.2850    -0.0351  1007.2509     7.2512     5.0597  0.000e+00
     -0.064    20.4631     9.3775     86.169      9.040     0.2835    -0.0366  1005.2161     5.2164     5.1414  0.000e+00
     -0.066    20.4616    10.9262     86.085      9.042     0.2820    -0.0336  1006.3870     6.3873     5.0900  0.000e+00
     -0.064    20.4603    12.4032     86.076      9.042     0.2728    -0.0420  1007.5037     7.5040     5.0456  0.000e+00
     -0.066    20.4591    12.6279     86.091      9.041     0.2820    -0.0366  1007.6738     7.6741     5.0399  0.000e+00
     -0.063    20.4581    12.4553     86.059      9.040     0.2881    -0.0389  1007.5436     7.5439     5.0433  0.000e+00
     -0.063    20.4574    11.4813     86.049      9.040     0.2911    -0.0389  1006.8075     6.8078     5.0717  0.000e+00
     -0.064    20.4572     8.7217     86.102      9.041     0.2759    -0.0344  1004.7218     4.7221     5.1578  0.000e+00
