data/CTD/원시자료/20220816-0817_현장조사/20220816-0817_CTD/St.3.cnv
* Sea-Bird SBE 19plus V2 Data File:
* FileName = D:\CTD\DATA\20220816-20220818_MABIC\St.3.hex
* Software Version Seasave V 7.26.7.121
* Temperature SN = 7832
* Conductivity SN = 7832
* System UpLoad Time = Aug 17 2022 07:20:09
** Ship:
** Station:
** Operator:
# nquan = 11
# nvalues = 3078                                  
# units = specified
# name 0 = depSM: Depth [salt water, m], lat = 0.00
# name 1 = tv290C: Temperature [ITS-90, deg C]
# name 2 = sal00: Salinity, Practical [PSU]
# name 3 = sbeox0PS: Oxygen, SBE 43 [% saturation]
# name 4 = ph: pH
# name 5 = turbWETntu0: Turbidity, WET Labs ECO [NTU]
# name 6 = flECO-AFL: Fluorescence, WET Labs ECO-AFL/FL [mg/m^3]
# name 7 = density00: Density [density, kg/m^3]
# name 8 = sigma-t00: Density [sigma-t, kg/m^3 ]
# name 9 = sbeox0ML/L: Oxygen, SBE 43 [ml/l]
# name 10 = flag:  0.000e+00
# span 0 =     -0.073,     46.015                 
# span 1 =    15.3200,    20.6394                 
# span 2 =     0.0000,    33.9899                 
# span 3 =     59.253,     94.108                 
# span 4 =      8.985,      9.135                 
# span 5 =     0.0561,    30.5986                 
# span 6 =    -0.1038,     1.6968                 
# span 7 =   998.1201,  1025.3216                 
# span 8 =    -1.8796,    25.1211                 
# span 9 =     3.3723,     5.7193                 
# span 10 = 0.0000e+00, 0.0000e+00                
# interval = seconds: 0.25
# start_time = Aug 16 2022 22:20:09 [System UTC, header]
# bad_flag = -9.990e-29
*END*
[from data line 656]
     45.477    15.3398    33.9655     59.781      9.023     4.2066     0.1716  1025.3028    25.0998     3.4017  0.000e+00
     45.519    15.3380    33.9692     59.816      9.023     4.2020     0.1701  1025.3062    25.1031     3.4038  0.000e+00
     45.562    15.3377    33.9762     59.592      9.025     4.4660     0.1579  1025.3119    25.1086     3.3909  0.000e+00
     45.607    15.3404    33.9744     59.789      9.025     4.4599     0.1579  1025.3100    25.1065     3.4020  0.000e+00
     45.638    15.3433    33.9724     59.559      9.024     4.4828     0.1617  1025.3080    25.1044     3.3887  0.000e+00
     45.669    15.3452    33.9688     59.660      9.024     4.4752     0.1579  1025.3050    25.1012     3.3944  0.000e+00
     45.681    15.3451    33.9577     59.705      9.023     4.2066     0.1747  1025.2965    25.0927     3.3972  0.000e+00
     45.679    15.3408    33.9624     59.635      9.022     4.2142     0.1716  1025.3011    25.0973     3.3934  0.000e+00
     45.681    15.3367    33.9658     59.547      9.022     4.2096     0.1770  1025.3046    25.1007     3.3886  0.000e+00
     45.645    15.3342    33.9693     59.699      9.023     4.2005     0.1747  1025.3077    25.1040     3.3974  0.000e+00
     45.618    15.3333    33.9716     59.771      9.025     4.0357     0.1396  1025.3096    25.1060     3.4015  0.000e+00
     45.564    15.3340    33.9705     59.761      9.026     4.0387     0.1404  1025.3083    25.1050     3.4009  0.000e+00
     45.519    15.3350    33.9647     59.729      9.026     4.0372     0.1465  1025.3034    25.1003     3.3991  0.000e+00
     45.481    15.3328    33.9642     59.655      9.023     4.0387     0.1411  1025.3033    25.1004     3.3950  0.000e+00
     45.445    15.3299    33.9652     59.785      9.023     3.9625     0.1388  1025.3046    25.1018     3.4026  0.000e+00
     45.416    15.3274    33.9676     59.764      9.022     3.9701     0.1419  1025.3069    25.1042     3.4015  0.000e+00
     45.387    15.3255    33.9706     59.591      9.023     3.9609     0.1411  1025.3095    25.1069     3.3918  0.000e+00
     45.378    15.3249    33.9699     59.474      9.022     3.9686     0.1373  1025.3090    25.1065     3.3852  0.000e+00
     45.380    15.3245    33.9729     59.459      9.024     3.9686     0.1465  1025.3115    25.1090     3.3843  0.000e+00
     45.389    15.3250    33.9723     59.455      9.021     4.1791     0.1564  1025.3109    25.1084     3.3840  0.000e+00
     45.418    15.3258    33.9706     59.496      9.022     4.1868     0.1510  1025.3096    25.1069     3.3863  0.000e+00
     45.441    15.3255    33.9716     59.454      9.023     4.1822     0.1564  1025.3105    25.1077     3.3839  0.000e+00
     45.479    15.3257    33.9741     59.459      9.022     4.1898     0.1510  1025.3125    25.1095     3.3842  0.000e+00
     45.503    15.3270    33.9738     59.506      9.024     4.6445     0.1594  1025.3121    25.1090     3.3868  0.000e+00
     45.540    15.3287    33.9685     59.540      9.023     4.6369     0.1556  1025.3078    25.1046     3.3887  0.000e+00
     45.571    15.3280    33.9666     59.638      9.023     4.6400     0.1571  1025.3066    25.1033     3.3944  0.000e+00
     45.595    15.3261    33.9685     59.781      9.023     4.6369     0.1564  1025.3086    25.1051     3.4026  0.000e+00
     45.616    15.3247    33.9712     59.751      9.022     4.6201     0.1724  1025.3111    25.1076     3.4009  0.000e+00
     45.627    15.3243    33.9729     59.634      9.023     4.6094     0.1678  1025.3125    25.1089     3.3942  0.000e+00
     45.634    15.3251    33.9730     59.651      9.021     4.6064     0.1732  1025.3125    25.1089     3.3952  0.000e+00
     45.623    15.3261    33.9725     59.761      9.024     4.6155     0.1739  1025.3118    25.1082     3.4013  0.000e+00
     45.560    15.3270    33.9716     59.640      9.022     4.3241     0.1518  1025.3106    25.1073     3.3944  0.000e+00
     45.465    15.3276    33.9711     59.750      9.021     4.3332     0.1594  1025.3097    25.1069     3.4006  0.000e+00
     45.337    15.3277    33.9709     59.580      9.024     4.3302     0.1518  1025.3090    25.1067     3.3910  0.000e+00
     45.196    15.3280    33.9706     59.665      9.022     4.3271     0.1510  1025.3080    25.1064     3.3958  0.000e+00
     45.050    15.3282    33.9706     59.517      9.020     4.3180     0.1495  1025.3073    25.1063     3.3874  0.000e+00
     44.902    15.3282    33.9703     59.587      9.022     4.0586     0.1266  1025.3065    25.1061     3.3914  0.000e+00
     44.746    15.3284    33.9702     59.547      9.023     4.0494     0.1282  1025.3057    25.1060     3.3891  0.000e+00
     44.585    15.3282    33.9702     59.514      9.023     4.0540     0.1312  1025.3050    25.1060     3.3872  0.000e+00
     44.432    15.3280    33.9709     59.430      9.023     4.0616     0.1282  1025.3049    25.1066     3.3824  0.000e+00
     44.246    15.3284    33.9711     59.430      9.022     4.3668     0.1266  1025.3041    25.1067     3.3824  0.000e+00
     44.053    15.3287    33.9705     59.284      9.022     4.3744     0.1274  1025.3027    25.1061     3.3741  0.000e+00
     43.853    15.3290    33.9721     59.253      9.023     4.3744     0.1259  1025.3030    25.1073     3.3723  0.000e+00
     43.660    15.3301    33.9827     59.497      9.022     4.3729     0.1327  1025.3100    25.1152     3.3858  0.000e+00
     43.460    15.3359    33.9828     59.510      9.021     3.6954     0.1144  1025.3079    25.1140     3.3862  0.000e+00
     43.275    15.3434    33.9772     59.556      9.020     3.7061     0.1228  1025.3011    25.1080     3.3884  0.000e+00
     43.087    15.3489    33.9727     59.569      9.020     3.7015     0.1121  1025.2957    25.1034     3.3889  0.000e+00
     42.922    15.3526    33.9695     59.601      9.020     3.6969     0.1205  1025.2916    25.1001     3.3905  0.000e+00
     42.781    15.3551    33.9691     59.558      9.021     3.3536     0.1236  1025.2901    25.0992     3.3879  0.000e+00
     42.660    15.3579    33.9682     59.783      9.021     3.3597     0.1190  1025.2883    25.0980     3.4006  0.000e+00
     42.572    15.3619    33.9653     59.649      9.021     3.3445     0.1114  1025.2847    25.0948     3.3927  0.000e+00
     42.494    15.3665    33.9613     59.800      9.021     3.3414     0.1228  1025.2803    25.0907     3.4011  0.000e+00
     42.440    15.3700    33.9583     59.713      9.021     3.3399     0.1182  1025.2770    25.0876     3.3960  0.000e+00
     42.393    15.3728    33.9552     59.833      9.021     3.0576     0.1381  1025.2737    25.0846     3.4027  0.000e+00
     42.350    15.3746    33.9534     59.945      9.022     3.0515     0.1411  1025.2717    25.0828     3.4089  0.000e+00
     42.301    15.3762    33.9525     59.936      9.021     3.0500     0.1419  1025.2706    25.0818     3.4083  0.000e+00
     42.238    15.3770    33.9518     60.011      9.022     3.0713     0.1365  1025.2696    25.0811     3.4126  0.000e+00
     42.159    15.3773    33.9514     59.981      9.021     3.1568     0.1419  1025.2687    25.0806     3.4108  0.000e+00
     42.064    15.3777    33.9514     60.021      9.020     3.1476     0.1411  1025.2682    25.0806     3.4131  0.000e+00
     41.950    15.3776    33.9515     60.039      9.022     3.1415     0.1411  1025.2678    25.0807     3.4141  0.000e+00
     41.845    15.3777    33.9509     60.148      9.022     3.1415     0.1434  1025.2669    25.0802     3.4203  0.000e+00
     41.726    15.3779    33.9505     60.066      9.020     3.0484     0.1282  1025.2660    25.0798     3.4157  0.000e+00
     41.600    15.3781    33.9506     60.114      9.019     3.0545     0.1274  1025.2655    25.0799     3.4184  0.000e+00
     41.471    15.3787    33.9500     60.135      9.020     3.0545     0.1289  1025.2643    25.0793     3.4196  0.000e+00
     41.325    15.3791    33.9491     60.098      9.023     3.0606     0.1320  1025.2629    25.0785     3.4174  0.000e+00
     41.162    15.3793    33.9493     60.176      9.021     3.0576     0.1274  1025.2623    25.0786     3.4219  0.000e+00
     41.007    15.3795    33.9481     60.102      9.022     3.0591     0.1297  1025.2606    25.0776     3.4177  0.000e+00
     40.858    15.3795    33.9476     60.139      9.022     3.0652     0.1251  1025.2596    25.0773     3.4198  0.000e+00
     40.699    15.3795    33.9466     60.075      9.022     3.0515     0.1266  1025.2581    25.0765     3.4161  0.000e+00
     40.549    15.3803    33.9463     60.111      9.021     3.2575     0.1396  1025.2570    25.0761     3.4182  0.000e+00
     40.398    15.3806    33.9456     60.050      9.024     3.2453     0.1472  1025.2557    25.0755     3.4147  0.000e+00
     40.248    15.3813    33.9432     60.032      9.022     3.2560     0.1373  1025.2530    25.0735     3.4136  0.000e+00
     40.099    15.3833    33.9406     60.039      9.022     3.2392     0.1426  1025.2500    25.0711     3.4140  0.000e+00
     39.953    15.3867    33.9365     60.029      9.022     3.2499     0.1419  1025.2454    25.0672     3.4133  0.000e+00
     39.810    15.3900    33.9327     60.012      9.023     3.1461     0.1037  1025.2411    25.0635     3.4122  0.000e+00
     39.679    15.3930    33.9294     59.981      9.023     3.1507     0.1053  1025.2373    25.0602     3.4102  0.000e+00
     39.546    15.3956    33.9272     60.015      9.021     3.1629     0.1053  1025.2344    25.0580     3.4121  0.000e+00
     39.425    15.3973    33.9256     60.064      9.020     3.1553     0.1030  1025.2323    25.0564     3.4148  0.000e+00
     39.315    15.3985    33.9250     60.108      9.021     3.5245     0.1442  1025.2311    25.0557     3.4172  0.000e+00
     39.217    15.3989    33.9246     60.204      9.023     3.5337     0.1449  1025.2303    25.0553     3.4226  0.000e+00
     39.136    15.3996    33.9241     60.215      9.019     3.5291     0.1381  1025.2294    25.0548     3.4233  0.000e+00
     39.071    15.3996    33.9237     60.270      9.021     3.5352     0.1419  1025.2287    25.0544     3.4264  0.000e+00
     39.030    15.3998    33.9241     60.304      9.022     2.9691     0.1533  1025.2288    25.0547     3.4283  0.000e+00
     39.008    15.3998    33.9243     60.373      9.020     2.9660     0.1510  1025.2289    25.0548     3.4322  0.000e+00
     38.994    15.3999    33.9239     60.414      9.020     2.9523     0.1526  1025.2285    25.0545     3.4345  0.000e+00
     38.994    15.3998    33.9243     60.409      9.021     2.9615     0.1510  1025.2288    25.0548     3.4342  0.000e+00
     38.998    15.3996    33.9242     60.364      9.022     3.4299     0.1747  1025.2288    25.0548     3.4317  0.000e+00
     38.994    15.3996    33.9239     60.378      9.020     3.4238     0.1724  1025.2285    25.0546     3.4325  0.000e+00
     38.981    15.4000    33.9231     60.474      9.020     3.4299     0.1762  1025.2278    25.0539     3.4379  0.000e+00
     38.951    15.4002    33.9240     60.439      9.021     3.4299     0.1777  1025.2283    25.0545     3.4359  0.000e+00
     38.913    15.4006    33.9218     60.413      9.022     3.4330     0.1640  1025.2264    25.0527     3.4345  0.000e+00
     38.844    15.4007    33.9194     60.371      9.020     3.1369     0.1419  1025.2241    25.0508     3.4321  0.000e+00
     38.754    15.4010    33.9176     60.327      9.022     3.1339     0.1442  1025.2223    25.0494     3.4297  0.000e+00
     38.648    15.4010    33.9124     60.320      9.021     3.1278     0.1396  1025.2178    25.0454     3.4293  0.000e+00
     38.513    15.4012    33.9078     60.322      9.022     3.1369     0.1419  1025.2137    25.0418     3.4295  0.000e+00
     38.361    15.4012    33.9021     60.381      9.023     3.1034     0.1426  1025.2086    25.0374     3.4330  0.000e+00
     38.197    15.4014    33.8986     60.344      9.022     3.0912     0.1381  1025.2051    25.0347     3.4310  0.000e+00
     38.026    15.4018    33.8911     60.431      9.021     3.1003     0.1358  1025.1985    25.0288     3.4361  0.000e+00
     37.844    15.4021    33.8885     60.439      9.022     3.1095     0.1404  1025.1956    25.0268     3.4365  0.000e+00
     37.660    15.4031    33.8860     60.416      9.020     3.3643     0.1472  1025.1926    25.0246     3.4352  0.000e+00
     37.473    15.4045    33.8827     60.416      9.019     3.3612     0.1503  1025.1890    25.0218     3.4352  0.000e+00
     37.292    15.4062    33.8771     60.350      9.019     3.3689     0.1526  1025.1835    25.0171     3.4314  0.000e+00
     37.107    15.4082    33.8700     60.346      9.020     3.3567     0.1495  1025.1767    25.0111     3.4313  0.000e+00
     36.932    15.4111    33.8644     60.357      9.020     3.1247     0.1404  1025.1710    25.0062     3.4318  0.000e+00
     36.762    15.4141    33.8549     60.374      9.020     3.1324     0.1434  1025.1623    24.9982     3.4327  0.000e+00
     36.593    15.4174    33.8474     60.401      9.017     3.1293     0.1381  1025.1550    24.9917     3.4342  0.000e+00
     36.442    15.4208    33.8417     60.427      9.021     3.1247     0.1396  1025.1492    24.9866     3.4356  0.000e+00
     36.303    15.4234    33.8376     60.448      9.020     3.1308     0.1381  1025.1448    24.9828     3.4366  0.000e+00
     36.184    15.4256    33.8332     60.455      9.021     3.0744     0.1594  1025.1404    24.9790     3.4370  0.000e+00
     36.079    15.4274    33.8314     60.524      9.020     3.0835     0.1587  1025.1382    24.9772     3.4409  0.000e+00
     35.989    15.4286    33.8283     60.523      9.017     3.0835     0.1610  1025.1351    24.9746     3.4408  0.000e+00
     35.923    15.4300    33.8248     60.548      9.018     3.0805     0.1610  1025.1318    24.9715     3.4422  0.000e+00
     35.865    15.4316    33.8222     60.668      9.021     2.8394     0.1602  1025.1292    24.9692     3.4489  0.000e+00
     35.827    15.4334    33.8201     60.645      9.019     2.8409     0.1617  1025.1270    24.9671     3.4476  0.000e+00
     35.804    15.4352    33.8184     60.679      9.019     2.8257     0.1587  1025.1252    24.9654     3.4494  0.000e+00
     35.787    15.4361    33.8168     60.771      9.019     2.8272     0.1579  1025.1237    24.9640     3.4546  0.000e+00
     35.782    15.4373    33.8161     60.743      9.021     3.0576     0.1838  1025.1228    24.9632     3.4529  0.000e+00
     35.784    15.4384    33.8151     60.864      9.019     3.0561     0.1846  1025.1219    24.9622     3.4598  0.000e+00
     35.786    15.4388    33.8142     60.871      9.020     3.0454     0.1861  1025.1211    24.9614     3.4601  0.000e+00
     35.778    15.4386    33.8146     60.808      9.021     3.0500     0.1838  1025.1214    24.9618     3.4566  0.000e+00
     35.758    15.4384    33.8147     60.830      9.019     3.2239     0.2075  1025.1214    24.9618     3.4579  0.000e+00
     35.722    15.4386    33.8144     60.797      9.019     3.2224     0.2083  1025.1210    24.9616     3.4560  0.000e+00
     35.659    15.4388    33.8140     60.692      9.019     3.2209     0.2090  1025.1203    24.9612     3.4500  0.000e+00
     35.584    15.4389    33.8139     60.646      9.020     3.2239     0.2022  1025.1199    24.9612     3.4474  0.000e+00
     35.479    15.4393    33.8136     60.636      9.019     3.2224     0.2060  1025.1192    24.9609     3.4468  0.000e+00
     35.366    15.4396    33.8136     60.657      9.017     2.9050     0.1762  1025.1186    24.9608     3.4480  0.000e+00
     35.232    15.4400    33.8126     60.741      9.019     2.9050     0.1724  1025.1171    24.9599     3.4527  0.000e+00
     35.083    15.4402    33.8124     60.805      9.018     2.9096     0.1724  1025.1162    24.9597     3.4564  0.000e+00
     34.929    15.4413    33.8111     60.818      9.020     2.9142     0.1762  1025.1143    24.9584     3.4571  0.000e+00
     34.778    15.4422    33.8101     60.864      9.019     3.0805     0.1678  1025.1127    24.9575     3.4596  0.000e+00
