data/CTD/원시자료/20220816-0817_현장조사/20220816-0817_CTD/St.3.cnv
* Sea-Bird SBE 19plus V2 Data File:
* FileName = D:\CTD\DATA\20220816-20220818_MABIC\St.3.hex
* Software Version Seasave V 7.26.7.121
* Temperature SN = 7832
* Conductivity SN = 7832
* System UpLoad Time = Aug 17 2022 07:20:09
** Ship:
** Station:
** Operator:
# nquan = 11
# nvalues = 3078                                  
# units = specified
# name 0 = depSM: Depth [salt water, m], lat = 0.00
# name 1 = tv290C: Temperature [ITS-90, deg C]
# name 2 = sal00: Salinity, Practical [PSU]
# name 3 = sbeox0PS: Oxygen, SBE 43 [% saturation]
# name 4 = ph: pH
# name 5 = turbWETntu0: Turbidity, WET Labs ECO [NTU]
# name 6 = flECO-AFL: Fluorescence, WET Labs ECO-AFL/FL [mg/m^3]
# name 7 = density00: Density [density, kg/m^3]
# name 8 = sigma-t00: Density [sigma-t, kg/m^3 ]
# name 9 = sbeox0ML/L: Oxygen, SBE 43 [ml/l]
# name 10 = flag:  0.000e+00
# span 0 =     -0.073,     46.015                 
# span 1 =    15.3200,    20.6394                 
# span 2 =     0.0000,    33.9899                 
# span 3 =     59.253,     94.108                 
# span 4 =      8.985,      9.135                 
# span 5 =     0.0561,    30.5986                 
# span 6 =    -0.1038,     1.6968                 
# span 7 =   998.1201,  1025.3216                 
# span 8 =    -1.8796,    25.1211                 
# span 9 =     3.3723,     5.7193                 
# span 10 = 0.0000e+00, 0.0000e+00                
# interval = seconds: 0.25
# start_time = Aug 16 2022 22:20:09 [System UTC, header]
# bad_flag = -9.990e-29
*END*
[from data line 919]
     15.858    18.2722    33.0859     76.380      9.038     0.7062     0.6538  1023.8102    23.7401     4.1285  0.000e+00
     15.680    18.3515    33.0775     76.553      9.037     0.7321     0.5722  1023.7834    23.7141     4.1318  0.000e+00
     15.508    18.4294    33.0277     76.858      9.038     0.7352     0.5669  1023.7254    23.6568     4.1435  0.000e+00
     15.384    18.4900    32.9827     77.117      9.039     0.7260     0.5707  1023.6754    23.6074     4.1538  0.000e+00
     15.276    18.5280    32.9392     77.288      9.040     0.7321     0.5623  1023.6323    23.5648     4.1611  0.000e+00
     15.182    18.5438    32.8426     77.576      9.042     0.7062     0.5928  1023.5541    23.4870     4.1778  0.000e+00
     15.144    18.5233    32.9485     77.871      9.040     0.7062     0.5981  1023.6400    23.5730     4.1926  0.000e+00
     15.119    18.5212    32.9501     78.100      9.044     0.7047     0.5920  1023.6416    23.5747     4.2051  0.000e+00
     15.114    18.5371    32.9449     78.238      9.039     0.7092     0.5936  1023.6337    23.5668     4.2114  0.000e+00
     15.148    18.5481    32.9594     78.353      9.043     0.7840     0.6874  1023.6422    23.5752     4.2163  0.000e+00
     15.161    18.5688    32.9410     78.382      9.042     0.7764     0.6897  1023.6231    23.5560     4.2167  0.000e+00
     15.184    18.5859    32.9311     78.457      9.041     0.7840     0.6874  1023.6113    23.5442     4.2197  0.000e+00
     15.180    18.5972    32.9238     78.479      9.042     0.7901     0.6897  1023.6029    23.5358     4.2201  0.000e+00
     15.139    18.6052    32.9182     78.476      9.043     0.8069     0.7790  1023.5964    23.5295     4.2194  0.000e+00
     15.094    18.6101    32.9145     78.510      9.043     0.8054     0.7751  1023.5922    23.5255     4.2210  0.000e+00
     14.993    18.6133    32.9122     78.529      9.042     0.8084     0.7790  1023.5893    23.5230     4.2218  0.000e+00
     14.854    18.6164    32.9150     78.518      9.043     0.8084     0.7751  1023.5900    23.5243     4.2209  0.000e+00
     14.681    18.6213    32.9249     78.461      9.042     0.8771     0.6912  1023.5956    23.5306     4.2172  0.000e+00
     14.472    18.6336    33.0157     78.507      9.043     0.8740     0.6943  1023.6609    23.5970     4.2164  0.000e+00
     14.319    18.6879    33.1319     78.396      9.046     0.8740     0.6897  1023.7355    23.6722     4.2032  0.000e+00
     14.173    18.8005    33.1082     78.300      9.047     0.8832     0.6920  1023.6886    23.6260     4.1898  0.000e+00
     14.030    18.9180    33.0544     78.496      9.047     0.8740     0.6927  1023.6174    23.5554     4.1924  0.000e+00
     13.928    19.0165    33.0118     78.687      9.047     0.8023     0.6073  1023.5596    23.4981     4.1959  0.000e+00
     13.798    19.0967    32.9783     78.948      9.047     0.7962     0.6080  1023.5131    23.4522     4.2044  0.000e+00
     13.645    19.1623    32.9493     79.520      9.049     0.8054     0.6042  1023.4738    23.4135     4.2304  0.000e+00
     13.502    19.2162    32.9128     80.178      9.050     0.8115     0.6027  1023.4316    23.3720     4.2621  0.000e+00
     13.369    19.2575    32.8778     80.837      9.051     0.7153     0.6943  1023.3938    23.3348     4.2947  0.000e+00
     13.246    19.2881    32.8532     81.610      9.049     0.7138     0.6927  1023.3667    23.3083     4.3339  0.000e+00
     13.162    19.3094    32.8371     82.225      9.052     0.7047     0.6981  1023.3486    23.2906     4.3653  0.000e+00
     13.104    19.3235    32.8236     82.736      9.052     0.7214     0.6912  1023.3345    23.2766     4.3916  0.000e+00
     13.061    19.3345    32.8137     82.961      9.050     0.6162     0.7156  1023.3239    23.2663     4.4029  0.000e+00
     13.059    19.3428    32.8091     83.258      9.053     0.6146     0.7133  1023.3183    23.2607     4.4181  0.000e+00
     13.090    19.3496    32.8041     83.311      9.052     0.6009     0.7110  1023.3129    23.2551     4.4205  0.000e+00
     13.135    19.3541    32.7994     83.252      9.051     0.6131     0.7164  1023.3084    23.2504     4.4171  0.000e+00
     13.223    19.3564    32.7984     83.151      9.052     0.6329     0.7393  1023.3074    23.2491     4.4116  0.000e+00
     13.335    19.3572    32.8007     83.051      9.052     0.6390     0.7439  1023.3094    23.2506     4.4061  0.000e+00
     13.455    19.3559    32.8051     82.991      9.055     0.6451     0.7408  1023.3136    23.2543     4.4029  0.000e+00
     13.612    19.3540    32.8100     82.791      9.053     0.6314     0.7431  1023.3186    23.2585     4.3924  0.000e+00
     13.762    19.3512    32.8121     82.603      9.051     0.7352     0.7378  1023.3216    23.2608     4.3826  0.000e+00
     13.897    19.3477    32.8279     82.458      9.054     0.7321     0.7431  1023.3351    23.2737     4.3747  0.000e+00
     14.039    19.3450    32.8324     82.333      9.054     0.7321     0.7408  1023.3398    23.2779     4.3683  0.000e+00
     14.155    19.3393    32.8052     82.224      9.054     0.7321     0.7339  1023.3210    23.2586     4.3636  0.000e+00
     14.265    19.3210    32.8059     82.210      9.055     0.7321     0.7347  1023.3268    23.2638     4.3644  0.000e+00
     14.369    19.2972    32.7905     82.211      9.055     0.8252     0.6904  1023.3215    23.2581     4.3668  0.000e+00
     14.438    19.2652    32.7958     82.189      9.055     0.8359     0.6882  1023.3340    23.2703     4.3680  0.000e+00
     14.492    19.2304    32.7927     82.231      9.055     0.8283     0.6935  1023.3407    23.2767     4.3732  0.000e+00
     14.510    19.1920    32.8082     82.188      9.056     0.8328     0.6897  1023.3623    23.2983     4.3736  0.000e+00
     14.517    19.1576    32.8320     82.078      9.057     0.8267     0.6889  1023.3892    23.3251     4.3700  0.000e+00
     14.510    19.1331    32.8617     81.822      9.053     0.8405     0.6912  1023.4181    23.3540     4.3575  0.000e+00
     14.454    19.1225    32.8877     81.567      9.055     0.8374     0.6843  1023.4404    23.3766     4.3441  0.000e+00
     14.371    19.1274    32.9026     81.314      9.054     0.8344     0.6920  1023.4502    23.3867     4.3299  0.000e+00
     14.248    19.1428    32.9065     81.100      9.058     0.7092     0.6279  1023.4487    23.3858     4.3172  0.000e+00
     14.081    19.1625    32.9117     80.981      9.054     0.7031     0.6325  1023.4469    23.3847     4.3091  0.000e+00
     13.917    19.1870    32.9308     80.892      9.054     0.7138     0.6256  1023.4546    23.3932     4.3019  0.000e+00
     13.738    19.2219    32.9228     80.877      9.057     0.7153     0.6302  1023.4388    23.3782     4.2985  0.000e+00
     13.560    19.2611    32.8863     80.948      9.058     0.7565     0.6538  1023.4002    23.3403     4.3001  0.000e+00
     13.399    19.2918    32.8603     81.147      9.053     0.7642     0.6569  1023.3718    23.3127     4.3089  0.000e+00
     13.261    19.3123    32.8427     81.289      9.056     0.7520     0.6569  1023.3526    23.2941     4.3152  0.000e+00
     13.120    19.3267    32.8294     81.628      9.055     0.7581     0.6508  1023.3382    23.2803     4.3324  0.000e+00
     13.015    19.3369    32.8192     81.947      9.055     0.6329     0.7080  1023.3273    23.2699     4.3487  0.000e+00
     12.945    19.3444    32.8133     82.311      9.055     0.6360     0.7042  1023.3206    23.2635     4.3676  0.000e+00
     12.913    19.3506    32.8094     82.536      9.055     0.6467     0.7057  1023.3159    23.2589     4.3792  0.000e+00
     12.924    19.3552    32.8048     82.643      9.053     0.6482     0.7065  1023.3113    23.2542     4.3846  0.000e+00
     12.972    19.3593    32.8023     82.778      9.053     0.6299     0.7034  1023.3085    23.2513     4.3915  0.000e+00
     13.068    19.3624    32.8010     82.769      9.052     0.6604     0.7812  1023.3072    23.2495     4.3908  0.000e+00
     13.208    19.3640    32.7993     82.782      9.053     0.6573     0.7866  1023.3061    23.2478     4.3914  0.000e+00
     13.369    19.3639    32.8006     82.683      9.053     0.6482     0.7896  1023.3078    23.2488     4.3861  0.000e+00
     13.534    19.3620    32.8069     82.476      9.054     0.6604     0.7896  1023.3138    23.2541     4.3751  0.000e+00
     13.718    19.3582    32.8121     82.354      9.053     0.6604     0.7271  1023.3196    23.2591     4.3688  0.000e+00
     13.877    19.3534    32.8301     82.206      9.054     0.6635     0.7294  1023.3352    23.2740     4.3608  0.000e+00
     14.005    19.3492    32.8335     82.154      9.056     0.6558     0.7263  1023.3395    23.2777     4.3584  0.000e+00
     14.108    19.3420    32.8089     82.112      9.056     0.6497     0.7210  1023.3230    23.2608     4.3574  0.000e+00
     14.165    19.3215    32.7970     82.096      9.054     0.7871     0.7156  1023.3193    23.2568     4.3585  0.000e+00
     14.198    19.2907    32.8122     82.105      9.055     0.7779     0.7141  1023.3389    23.2763     4.3611  0.000e+00
     14.198    19.2638    32.8304     82.138      9.058     0.7809     0.7187  1023.3596    23.2970     4.3645  0.000e+00
     14.169    19.2453    32.8479     82.260      9.055     0.7886     0.7095  1023.3776    23.3151     4.3721  0.000e+00
     14.133    19.2352    32.8616     82.387      9.056     0.7871     0.7103  1023.3904    23.3280     4.3793  0.000e+00
     14.062    19.2324    32.8712     82.327      9.054     0.7748     0.7110  1023.3982    23.3361     4.3761  0.000e+00
     13.989    19.2355    32.8819     82.382      9.055     0.7809     0.7164  1023.4052    23.3435     4.3785  0.000e+00
     13.918    19.2457    32.8916     82.381      9.056     0.7794     0.7095  1023.4098    23.3483     4.3773  0.000e+00
     13.837    19.2626    32.8970     82.356      9.058     0.7718     0.6676  1023.4092    23.3482     4.3745  0.000e+00
     13.763    19.2832    32.8904     82.309      9.056     0.7779     0.6668  1023.3986    23.3379     4.3705  0.000e+00
     13.702    19.3027    32.8765     82.357      9.055     0.7916     0.6653  1023.3828    23.3223     4.3718  0.000e+00
     13.641    19.3180    32.8583     82.329      9.056     0.7779     0.6645  1023.3647    23.3045     4.3695  0.000e+00
     13.588    19.3282    32.8411     82.382      9.056     0.7352     0.6637  1023.3488    23.2888     4.3720  0.000e+00
     13.549    19.3339    32.8330     82.493      9.056     0.7352     0.7492  1023.3410    23.2812     4.3776  0.000e+00
     13.522    19.3365    32.8297     82.571      9.055     0.7306     0.7522  1023.3376    23.2780     4.3816  0.000e+00
     13.480    19.3380    32.8282     82.710      9.055     0.7352     0.7469  1023.3360    23.2765     4.3889  0.000e+00
     13.504    19.3388    32.8281     82.718      9.053     0.7291     0.7492  1023.3358    23.2762     4.3893  0.000e+00
     13.489    19.3394    32.8292     82.776      9.055     0.7047     0.8697  1023.3364    23.2768     4.3923  0.000e+00
     13.538    19.3395    32.8308     82.727      9.055     0.7108     0.8743  1023.3378    23.2781     4.3896  0.000e+00
     13.561    19.3403    32.8390     82.720      9.055     0.7123     0.8652  1023.3440    23.2841     4.3890  0.000e+00
     13.615    19.3416    32.8453     82.695      9.056     0.7123     0.8682  1023.3487    23.2886     4.3874  0.000e+00
     13.693    19.3438    32.8505     82.646      9.057     0.8069     0.8469  1023.3524    23.2920     4.3845  0.000e+00
     13.740    19.3455    32.8445     82.563      9.055     0.8145     0.8469  1023.3476    23.2870     4.3801  0.000e+00
     13.823    19.3435    32.8364     82.541      9.057     0.8008     0.8461  1023.3423    23.2813     4.3793  0.000e+00
     13.884    19.3358    32.8173     82.537      9.057     0.8008     0.8469  1023.3300    23.2687     4.3802  0.000e+00
     13.931    19.3191    32.8122     82.655      9.060     0.9290     0.8003  1023.3306    23.2691     4.3880  0.000e+00
     14.005    19.2962    32.8170     82.694      9.057     0.9305     0.7950  1023.3403    23.2785     4.3918  0.000e+00
     14.044    19.2725    32.8179     82.718      9.058     0.9229     0.7950  1023.3473    23.2853     4.3949  0.000e+00
     14.080    19.2482    32.8270     82.805      9.058     0.9290     0.8026  1023.3605    23.2983     4.4013  0.000e+00
     14.125    19.2270    32.8371     82.775      9.056     0.8038     0.7019  1023.3738    23.3115     4.4012  0.000e+00
     14.131    19.2103    32.8482     82.608      9.059     0.8038     0.7019  1023.3866    23.3242     4.3934  0.000e+00
     14.141    19.1986    32.8570     82.388      9.055     0.8038     0.7080  1023.3963    23.3339     4.3824  0.000e+00
     14.154    19.1914    32.8619     82.166      9.054     0.7932     0.6996  1023.4019    23.3395     4.3711  0.000e+00
     14.116    19.1872    32.8660     81.885      9.056     0.8389     0.6828  1023.4059    23.3436     4.3564  0.000e+00
     14.087    19.1854    32.8695     81.629      9.056     0.8344     0.6798  1023.4089    23.3467     4.3428  0.000e+00
     14.042    19.1848    32.8743     81.414      9.056     0.8237     0.6821  1023.4126    23.3506     4.3313  0.000e+00
     13.979    19.1871    32.8799     81.202      9.056     0.8298     0.6836  1023.4160    23.3543     4.3197  0.000e+00
     13.932    19.1929    32.8889     81.042      9.058     0.8237     0.6805  1023.4212    23.3597     4.3105  0.000e+00
     13.860    19.2030    32.8913     81.071      9.055     0.8038     0.6706  1023.4201    23.3589     4.3112  0.000e+00
     13.772    19.2160    32.8936     81.091      9.060     0.8038     0.6668  1023.4182    23.3574     4.3111  0.000e+00
     13.676    19.2320    32.8978     81.166      9.059     0.8084     0.6630  1023.4169    23.3565     4.3137  0.000e+00
     13.532    19.2511    32.8998     81.312      9.056     0.7977     0.6683  1023.4129    23.3532     4.3199  0.000e+00
     13.377    19.2726    32.8946     81.515      9.057     0.8038     0.6538  1023.4028    23.3438     4.3290  0.000e+00
     13.226    19.2940    32.8776     81.681      9.056     0.8023     0.6538  1023.3837    23.3253     4.3366  0.000e+00
     13.064    19.3119    32.8542     81.914      9.057     0.8023     0.6538  1023.3606    23.3029     4.3481  0.000e+00
     12.934    19.3235    32.8421     82.110      9.058     0.8115     0.6470  1023.3479    23.2908     4.3579  0.000e+00
     12.826    19.3313    32.8353     82.295      9.055     0.6589     0.7179  1023.3402    23.2836     4.3673  0.000e+00
     12.710    19.3372    32.8284     82.461      9.055     0.6467     0.7118  1023.3329    23.2768     4.3758  0.000e+00
     12.609    19.3431    32.8206     82.608      9.056     0.6635     0.7110  1023.3250    23.2693     4.3833  0.000e+00
     12.516    19.3481    32.8160     82.772      9.056     0.6635     0.7156  1023.3199    23.2646     4.3917  0.000e+00
     12.406    19.3529    32.8132     82.857      9.056     0.6024     0.7339  1023.3160    23.2613     4.3959  0.000e+00
     12.296    19.3578    32.8084     82.874      9.056     0.6131     0.7385  1023.3106    23.2564     4.3965  0.000e+00
     12.184    19.3616    32.8044     82.840      9.053     0.6070     0.7393  1023.3061    23.2523     4.3945  0.000e+00
     12.049    19.3642    32.8039     82.811      9.055     0.6085     0.7416  1023.3044    23.2513     4.3928  0.000e+00
     11.923    19.3670    32.8055     82.774      9.054     0.5704     0.7744  1023.3044    23.2518     4.3905  0.000e+00
     11.780    19.3705    32.8035     82.633      9.053     0.5627     0.7713  1023.3014    23.2494     4.3828  0.000e+00
     11.640    19.3749    32.8046     82.513      9.055     0.5612     0.7736  1023.3004    23.2491     4.3761  0.000e+00
     11.503    19.3844    32.8089     82.388      9.053     0.5627     0.7728  1023.3007    23.2499     4.3686  0.000e+00
