data/CTD/원시자료/20220816-0817_현장조사/20220816-0817_CTD/St.3.cnv
* Sea-Bird SBE 19plus V2 Data File:
* FileName = D:\CTD\DATA\20220816-20220818_MABIC\St.3.hex
* Software Version Seasave V 7.26.7.121
* Temperature SN = 7832
* Conductivity SN = 7832
* System UpLoad Time = Aug 17 2022 07:20:09
** Ship:
** Station:
** Operator:
# nquan = 11
# nvalues = 3078                                  
# units = specified
# name 0 = depSM: Depth [salt water, m], lat = 0.00
# name 1 = tv290C: Temperature [ITS-90, deg C]
# name 2 = sal00: Salinity, Practical [PSU]
# name 3 = sbeox0PS: Oxygen, SBE 43 [% saturation]
# name 4 = ph: pH
# name 5 = turbWETntu0: Turbidity, WET Labs ECO [NTU]
# name 6 = flECO-AFL: Fluorescence, WET Labs ECO-AFL/FL [mg/m^3]
# name 7 = density00: Density [density, kg/m^3]
# name 8 = sigma-t00: Density [sigma-t, kg/m^3 ]
# name 9 = sbeox0ML/L: Oxygen, SBE 43 [ml/l]
# name 10 = flag:  0.000e+00
# span 0 =     -0.073,     46.015                 
# span 1 =    15.3200,    20.6394                 
# span 2 =     0.0000,    33.9899                 
# span 3 =     59.253,     94.108                 
# span 4 =      8.985,      9.135                 
# span 5 =     0.0561,    30.5986                 
# span 6 =    -0.1038,     1.6968                 
# span 7 =   998.1201,  1025.3216                 
# span 8 =    -1.8796,    25.1211                 
# span 9 =     3.3723,     5.7193                 
# span 10 = 0.0000e+00, 0.0000e+00                
# interval = seconds: 0.25
# start_time = Aug 16 2022 22:20:09 [System UTC, header]
# bad_flag = -9.990e-29
*END*
[from data line 2755]
     -0.069    20.3972     1.0071     87.122      9.025     0.2759    -0.0176   998.8906    -1.1091     5.4671  0.000e+00
     -0.069    20.3967     0.8927     87.174      9.023     0.2789    -0.0138   998.8036    -1.1961     5.4741  0.000e+00
     -0.067    20.3960     0.8193     87.165      9.023     0.2072    -0.0008   998.7478    -1.2519     5.4760  0.000e+00
     -0.069    20.3953     0.7865     87.201      9.026     0.2072    -0.0054   998.7229    -1.2767     5.4794  0.000e+00
     -0.065    20.3948     0.7890     87.245      9.026     0.2103    -0.0031   998.7250    -1.2747     5.4821  0.000e+00
     -0.067    20.3942     0.8367     87.241      9.025     0.2087    -0.0038   998.7615    -1.2382     5.4804  0.000e+00
     -0.067    20.3935     0.9813     87.223      9.025     0.2988    -0.0267   998.8717    -1.1280     5.4747  0.000e+00
     -0.069    20.3931     1.3893     87.254      9.024     0.3140    -0.0267   999.1822    -0.8175     5.4636  0.000e+00
     -0.067    20.3927     3.2258     87.222      9.023     0.2972    -0.0252  1000.5767     0.5770     5.4030  0.000e+00
     -0.067    20.3922    11.2954     87.209      9.023     0.3003    -0.0252  1006.6820     6.6823     5.1522  0.000e+00
     -0.067    20.3922     7.4693     87.161      9.025     0.2698    -0.0542  1003.7894     3.7897     5.2664  0.000e+00
     -0.063    20.3921     9.0225     87.177      9.026     0.2866    -0.0519  1004.9639     4.9642     5.2195  0.000e+00
     -0.071    20.3916     8.8299     87.136      9.024     0.2805    -0.0496  1004.8184     4.8187     5.2230  0.000e+00
     -0.067    20.3919     8.9272     87.126      9.025     0.2713    -0.0496  1004.8919     4.8922     5.2195  0.000e+00
     -0.069    20.3920     9.0143     87.180      9.024     0.2499    -0.0298  1004.9577     4.9580     5.2200  0.000e+00
     -0.067    20.3917     9.2948     87.171      9.026     0.2591    -0.0305  1005.1698     5.1701     5.2109  0.000e+00
     -0.063    20.3919     9.4538     87.150      9.025     0.2682    -0.0214  1005.2900     5.2903     5.2048  0.000e+00
     -0.065    20.3919     9.8887     87.099      9.025     0.2698    -0.0267  1005.6188     5.6191     5.1884  0.000e+00
     -0.065    20.3917    10.1511     87.190      9.027     0.2469    -0.0138  1005.8172     5.8175     5.1859  0.000e+00
     -0.063    20.3915    10.4337     87.190      9.023     0.2499    -0.0107  1006.0309     6.0312     5.1773  0.000e+00
     -0.069    20.3917    10.6752     87.189      9.028     0.2545    -0.0138  1006.2133     6.2136     5.1698  0.000e+00
     -0.065    20.3919    10.7109     87.158      9.025     0.2637    -0.0122  1006.2403     6.2406     5.1669  0.000e+00
     -0.067    20.3918    10.5729     87.181      9.026     0.2621    -0.0130  1006.1360     6.1363     5.1725  0.000e+00
     -0.069    20.3916     9.9349     87.137      9.026     0.2576    -0.0420  1005.6537     5.6540     5.1893  0.000e+00
     -0.067    20.3917     8.4929     87.165      9.024     0.2576    -0.0412  1004.5635     4.5638     5.2351  0.000e+00
     -0.069    20.3916     6.1806     87.153      9.024     0.2576    -0.0366  1002.8147     2.8150     5.3060  0.000e+00
     -0.065    20.3913     4.4104     87.167      9.024     0.2576    -0.0420  1001.4747     1.4750     5.3624  0.000e+00
     -0.069    20.3910     2.9920     87.200      9.027     0.2560    -0.0015  1000.3997     0.4001     5.4093  0.000e+00
     -0.069    20.3906     2.2340     87.147      9.024     0.2499    -0.0038   999.8246    -0.1751     5.4301  0.000e+00
     -0.069    20.3901     1.7639     87.170      9.024     0.2515    -0.0038   999.4677    -0.5320     5.4467  0.000e+00
     -0.069    20.3897     1.4883     87.239      9.021     0.2591     0.0053   999.2583    -0.7414     5.4598  0.000e+00
     -0.067    20.3890     1.3198     87.240      9.025     0.2087    -0.0275   999.1302    -0.8694     5.4654  0.000e+00
     -0.065    20.3883     1.2215     87.270      9.024     0.2072    -0.0237   999.0557    -0.9440     5.4705  0.000e+00
     -0.067    20.3872     1.1544     87.255      9.025     0.2118    -0.0283   999.0048    -0.9949     5.4718  0.000e+00
     -0.069    20.3863     1.1093     87.317      9.025     0.2179    -0.0283   998.9707    -1.0290     5.4772  0.000e+00
     -0.067    20.3848     1.0693     87.362      9.025     0.2576    -0.0389   998.9405    -1.0591     5.4815  0.000e+00
     -0.067    20.3836     1.0476     87.307      9.025     0.2545    -0.0374   998.9243    -1.0754     5.4789  0.000e+00
     -0.067    20.3821     1.0293     87.300      9.024     0.2621    -0.0382   998.9107    -1.0890     5.4792  0.000e+00
     -0.069    20.3810     1.0440     87.344      9.023     0.2515    -0.0427   998.9221    -1.0776     5.4816  0.000e+00
     -0.069    20.3796     1.1135     87.307      9.024     0.2270    -0.0397   998.9753    -1.0244     5.4772  0.000e+00
     -0.067    20.3785     1.2662     87.273      9.025     0.2408    -0.0366   999.0917    -0.9080     5.4703  0.000e+00
     -0.067    20.3779     1.4646     87.261      9.024     0.2362    -0.0420   999.2427    -0.7570     5.4632  0.000e+00
     -0.067    20.3769     1.6666     87.288      9.024     0.2301    -0.0336   999.3965    -0.6032     5.4586  0.000e+00
     -0.069    20.3764     1.8503     87.201      9.025     0.2621    -0.0229   999.5362    -0.4635     5.4473  0.000e+00
     -0.069    20.3758     2.0491     87.229      9.022     0.2606    -0.0267   999.6873    -0.3123     5.4427  0.000e+00
     -0.067    20.3755     2.1465     87.217      9.023     0.2621    -0.0237   999.7614    -0.2383     5.4389  0.000e+00
     -0.069    20.3752     2.0954     87.112      9.022     0.2560    -0.0267   999.7227    -0.2770     5.4341  0.000e+00
     -0.067    20.3749     1.9111     87.163      9.023     0.2682    -0.0138   999.5827    -0.4170     5.4431  0.000e+00
     -0.069    20.3748     1.7022     87.132      9.024     0.2576    -0.0145   999.4240    -0.5757     5.4479  0.000e+00
     -0.069    20.3745     1.5300     87.128      9.025     0.2621    -0.0122   999.2932    -0.7065     5.4532  0.000e+00
     -0.071    20.3744     1.3850     87.189      9.024     0.2652    -0.0122   999.1830    -0.8167     5.4616  0.000e+00
     -0.065    20.3738     1.2720     87.237      9.024     0.1858    -0.0138   999.0972    -0.9025     5.4683  0.000e+00
     -0.067    20.3738     1.2070     87.239      9.026     0.1889    -0.0130   999.0477    -0.9520     5.4706  0.000e+00
     -0.065    20.3733     1.2018     87.294      9.023     0.1874    -0.0168   999.0439    -0.9558     5.4742  0.000e+00
     -0.062    20.3729     1.2493     87.331      9.023     0.1843    -0.0153   999.0801    -0.9196     5.4750  0.000e+00
     -0.069    20.3726     1.3705     87.318      9.023     0.2316    -0.0382   999.1723    -0.8273     5.4704  0.000e+00
     -0.067    20.3723     1.5663     87.350      9.024     0.2393    -0.0405   999.3213    -0.6784     5.4661  0.000e+00
     -0.069    20.3722     1.8477     87.360      9.025     0.2331    -0.0359   999.5352    -0.4645     5.4577  0.000e+00
     -0.067    20.3721     2.1684     87.373      9.023     0.2423    -0.0366   999.7788    -0.2209     5.4483  0.000e+00
     -0.069    20.3720     2.4654     87.340      9.023     0.2347    -0.0405  1000.0043     0.0046     5.4367  0.000e+00
     -0.071    20.3721     2.5940     87.345      9.025     0.2316    -0.0038  1000.1018     0.1022     5.4329  0.000e+00
     -0.065    20.3723     2.6486     87.358      9.026     0.2331     0.0038  1000.1432     0.1435     5.4320  0.000e+00
     -0.065    20.3721     2.5240     87.339      9.022     0.2286    -0.0061  1000.0488     0.0491     5.4348  0.000e+00
     -0.067    20.3722     2.3444     87.299      9.022     0.2347    -0.0000   999.9124    -0.0873     5.4381  0.000e+00
     -0.067    20.3723     2.3063     87.244      9.026     0.2805    -0.0267   999.8834    -0.1163     5.4358  0.000e+00
     -0.071    20.3720     2.2711     87.299      9.022     0.2805    -0.0244   999.8568    -0.1429     5.4404  0.000e+00
     -0.067    20.3721     2.3452     87.289      9.022     0.2881    -0.0244   999.9130    -0.0867     5.4374  0.000e+00
     -0.069    20.3718     2.4241     87.271      9.022     0.2774    -0.0244   999.9730    -0.0267     5.4339  0.000e+00
     -0.067    20.3720     2.4961     87.237      9.023     0.2225    -0.0496  1000.0276     0.0279     5.4294  0.000e+00
     -0.067    20.3720     2.5583     87.375      9.023     0.2240    -0.0550  1000.0748     0.0751     5.4360  0.000e+00
     -0.067    20.3719     2.5375     87.283      9.024     0.2347    -0.0504  1000.0590     0.0593     5.4309  0.000e+00
     -0.067    20.3718     2.4443     87.292      9.023     0.2316    -0.0565   999.9883    -0.0114     5.4345  0.000e+00
     -0.069    20.3716     2.4281     87.269      9.024     0.2393    -0.0138   999.9761    -0.0236     5.4336  0.000e+00
     -0.071    20.3717     2.3354     87.318      9.022     0.2301    -0.0145   999.9056    -0.0940     5.4396  0.000e+00
     -0.069    20.3715     2.3558     87.314      9.023     0.2286    -0.0176   999.9212    -0.0785     5.4387  0.000e+00
     -0.065    20.3715     2.3444     87.370      9.024     0.2286    -0.0138   999.9126    -0.0871     5.4426  0.000e+00
     -0.071    20.3716     2.4020     87.360      9.024     0.2591    -0.0252   999.9562    -0.0434     5.4401  0.000e+00
     -0.067    20.3714     2.4386     87.337      9.024     0.2606    -0.0260   999.9840    -0.0156     5.4375  0.000e+00
     -0.067    20.3714     2.4599     87.361      9.023     0.2621    -0.0290  1000.0003     0.0006     5.4383  0.000e+00
     -0.069    20.3712     2.5175     87.378      9.020     0.2545    -0.0305  1000.0440     0.0443     5.4376  0.000e+00
     -0.071    20.3711     2.5535     87.314      9.024     0.1904     0.0038  1000.0713     0.0716     5.4324  0.000e+00
     -0.067    20.3712     2.5639     87.314      9.026     0.1843    -0.0046  1000.0792     0.0795     5.4321  0.000e+00
     -0.071    20.3713     2.5018     87.281      9.022     0.1874    -0.0023  1000.0320     0.0323     5.4320  0.000e+00
     -0.067    20.3709     2.5442     87.289      9.023     0.1919    -0.0008  1000.0643     0.0646     5.4312  0.000e+00
     -0.067    20.3710     2.3925     87.270      9.022     0.1858    -0.0077   999.9491    -0.0506     5.4348  0.000e+00
     -0.065    20.3711     2.2615     87.337      9.021     0.2881    -0.0374   999.8497    -0.1500     5.4432  0.000e+00
     -0.069    20.3709     2.0372     87.281      9.023     0.2850    -0.0366   999.6794    -0.3203     5.4469  0.000e+00
     -0.067    20.3708     1.7937     87.321      9.024     0.2743    -0.0382   999.4944    -0.5053     5.4572  0.000e+00
     -0.069    20.3708     1.5737     87.332      9.023     0.2805    -0.0389   999.3272    -0.6725     5.4649  0.000e+00
     -0.067    20.3704     1.4293     87.322      9.022     0.2347    -0.0283   999.2175    -0.7822     5.4690  0.000e+00
     -0.067    20.3703     1.3253     87.342      9.023     0.2331    -0.0252   999.1384    -0.8613     5.4736  0.000e+00
     -0.067    20.3703     1.2353     87.381      9.021     0.2347    -0.0275   999.0700    -0.9297     5.4789  0.000e+00
     -0.067    20.3702     1.1614     87.407      9.023     0.2301    -0.0267   999.0137    -0.9860     5.4829  0.000e+00
     -0.069    20.3698     1.0839     87.377      9.023     0.2866    -0.0283   998.9548    -1.0449     5.4836  0.000e+00
     -0.065    20.3695     1.0166     87.407      9.022     0.2881    -0.0321   998.9037    -1.0960     5.4877  0.000e+00
     -0.069    20.3695     0.9643     87.424      9.024     0.2835    -0.0305   998.8639    -1.1358     5.4905  0.000e+00
     -0.064    20.3691     0.9328     87.424      9.022     0.2881    -0.0237   998.8400    -1.1597     5.4915  0.000e+00
     -0.069    20.3687     0.9192     87.437      9.024     0.2148    -0.0321   998.8297    -1.1700     5.4928  0.000e+00
     -0.069    20.3683     0.9408     87.463      9.024     0.2057    -0.0252   998.8462    -1.1535     5.4938  0.000e+00
     -0.067    20.3683     1.0102     87.439      9.023     0.2042    -0.0229   998.8990    -1.1006     5.4900  0.000e+00
     -0.067    20.3678     1.1409     87.514      9.023     0.2133    -0.0283   998.9987    -1.0010     5.4906  0.000e+00
     -0.067    20.3678     1.3506     87.472      9.024     0.2850    -0.0641   999.1582    -0.8415     5.4812  0.000e+00
     -0.069    20.3673     1.6792     87.473      9.021     0.2759    -0.0626   999.4081    -0.5916     5.4707  0.000e+00
     -0.065    20.3672     2.4207     87.434      9.022     0.2774    -0.0641   999.9714    -0.0283     5.4446  0.000e+00
     -0.067    20.3674     3.4512     87.414      9.022     0.2881    -0.0618  1000.7531     0.7534     5.4105  0.000e+00
     -0.065    20.3677     6.7079     87.368      9.022     0.2377    -0.0115  1003.2189     3.2192     5.3052  0.000e+00
     -0.064    20.3683     9.4140     87.384      9.022     0.2377    -0.0107  1005.2653     5.2655     5.2223  0.000e+00
     -0.065    20.3693    11.4600     87.324      9.022     0.2347    -0.0092  1006.8117     6.8120     5.1563  0.000e+00
     -0.069    20.3706    12.3008     87.308      9.024     0.2301    -0.0107  1007.4471     7.4474     5.1297  0.000e+00
     -0.067    20.3722    12.3959     87.297      9.020     0.2866    -0.0229  1007.5185     7.5188     5.1260  0.000e+00
     -0.069    20.3738    11.9586     87.252      9.020     0.2835    -0.0252  1007.1876     7.1879     5.1365  0.000e+00
     -0.065    20.3751    10.3756     87.277      9.022     0.2774    -0.0237  1005.9906     5.9909     5.1859  0.000e+00
     -0.067    20.3759     6.5033     87.295      9.021     0.2835    -0.0237  1003.0623     3.0626     5.3062  0.000e+00
     -0.065    20.3760     4.1702     87.238      9.023     0.2835    -0.0366  1001.2961     1.2964     5.3759  0.000e+00
     -0.067    20.3762     2.6914     87.279      9.024     0.2881    -0.0336  1000.1749     0.1752     5.4253  0.000e+00
     -0.069    20.3761     1.9376     87.341      9.023     0.2774    -0.0382   999.6026    -0.3970     5.4533  0.000e+00
     -0.067    20.3758     1.5039     87.417      9.019     0.2774    -0.0412   999.2731    -0.7266     5.4719  0.000e+00
     -0.069    20.3752     1.2419     87.444      9.023     0.2866    -0.0389   999.0739    -0.9257     5.4821  0.000e+00
     -0.065    20.3747     1.1236     87.512      9.021     0.2515    -0.0107   998.9841    -1.0156     5.4903  0.000e+00
     -0.071    20.3739     1.0928     87.500      9.023     0.2484    -0.0153   998.9608    -1.0389     5.4906  0.000e+00
     -0.067    20.3729     1.1802     87.508      9.023     0.2515    -0.0077   999.0275    -0.9722     5.4884  0.000e+00
     -0.065    20.3715     1.3849     87.559      9.023     0.2545    -0.0069   999.1835    -0.8162     5.4852  0.000e+00
     -0.067    20.3705     1.7168     87.555      9.021     0.2560    -0.0473   999.4360    -0.5637     5.4743  0.000e+00
     -0.067    20.3694     2.0921     87.498      9.022     0.2545    -0.0481   999.7214    -0.2783     5.4588  0.000e+00
     -0.065    20.3684     2.4708     87.463      9.023     0.2530    -0.0504  1000.0092     0.0095     5.4447  0.000e+00
     -0.067    20.3677     2.9039     87.437      9.024     0.2682    -0.0489  1000.3379     0.3382     5.4293  0.000e+00
     -0.066    20.3674     3.4473     87.453      9.022     0.2621     0.0030  1000.7501     0.7504     5.4130  0.000e+00
     -0.067    20.3673     4.3681     87.421      9.022     0.2652    -0.0008  1001.4479     1.4482     5.3818  0.000e+00
     -0.066    20.3674     5.1668     87.413      9.021     0.2576    -0.0008  1002.0527     2.0530     5.3562  0.000e+00
     -0.066    20.3678     5.4228     87.416      9.022     0.2545    -0.0015  1002.2464     2.2467     5.3483  0.000e+00
