data/CTD/원시자료/20220816-0817_현장조사/20220816-0817_CTD/St.4.cnv
* Sea-Bird SBE 19plus V2 Data File:
* FileName = D:\CTD\DATA\20220816-20220818_MABIC\St.4.hex
* Software Version Seasave V 7.26.7.121
* Temperature SN = 7832
* Conductivity SN = 7832
* System UpLoad Time = Aug 17 2022 10:03:36
** Ship:
** Station:
** Operator:
# nquan = 11
# nvalues = 2432                                  
# units = specified
# name 0 = depSM: Depth [salt water, m], lat = 0.00
# name 1 = tv290C: Temperature [ITS-90, deg C]
# name 2 = sal00: Salinity, Practical [PSU]
# name 3 = sbeox0PS: Oxygen, SBE 43 [% saturation]
# name 4 = ph: pH
# name 5 = turbWETntu0: Turbidity, WET Labs ECO [NTU]
# name 6 = flECO-AFL: Fluorescence, WET Labs ECO-AFL/FL [mg/m^3]
# name 7 = density00: Density [density, kg/m^3]
# name 8 = sigma-t00: Density [sigma-t, kg/m^3 ]
# name 9 = sbeox0ML/L: Oxygen, SBE 43 [ml/l]
# name 10 = flag:  0.000e+00
# span 0 =     -0.064,     76.354                 
# span 1 =    15.3108,    24.1148                 
# span 2 =     1.0330,    34.3604                 
# span 3 =     58.718,    139.099                 
# span 4 =      8.944,      9.173                 
# span 5 =     0.0546,    52.0680                 
# span 6 =    -0.0649,     1.6029                 
# span 7 =   998.3428,  1025.7479                 
# span 8 =    -1.6569,    25.4089                 
# span 9 =     3.3351,     6.9683                 
# span 10 = 0.0000e+00, 0.0000e+00                
# interval = seconds: 0.25
# start_time = Aug 17 2022 01:03:36 [System UTC, header]
# bad_flag = -9.990e-29
*END*
[from data line 525]
      4.399    22.8919    31.6098     90.644      9.156     0.3598     0.9499  1021.4146    21.3953     4.5422  0.000e+00
      4.286    22.8447    31.6010     91.036      9.157     0.4117     0.8972  1021.4207    21.4020     4.5659  0.000e+00
      4.178    22.7680    31.6256     91.512      9.155     0.3857     0.8934  1021.4605    21.4422     4.5954  0.000e+00
      4.084    22.6899    31.6733     91.591      9.155     0.3949     0.9010  1021.5182    21.5003     4.6044  0.000e+00
      4.003    22.6454    31.9386     91.540      9.154     0.3964     0.8980  1021.7313    21.7138     4.5984  0.000e+00
      3.931    22.7612    31.8814     91.604      9.152     0.3949     0.9262  1021.6551    21.6379     4.5937  0.000e+00
      3.879    22.9220    31.7523     91.469      9.149     0.3934     0.9323  1021.5116    21.4947     4.5773  0.000e+00
      3.839    23.0320    31.6573     91.709      9.152     0.3964     0.9315  1021.4084    21.3916     4.5830  0.000e+00
      3.807    23.0716    31.5855     91.910      9.152     0.4010     0.9231  1021.3427    21.3260     4.5917  0.000e+00
      3.788    23.0561    31.5667     92.044      9.154     0.4300     1.0429  1021.3328    21.3162     4.6002  0.000e+00
      3.779    23.0131    31.5937     92.130      9.152     0.4193     1.0467  1021.3653    21.3488     4.6073  0.000e+00
      3.785    22.9791    31.6571     92.134      9.153     0.4254     1.0429  1021.4230    21.4064     4.6085  0.000e+00
      3.825    22.9861    31.6760     92.021      9.153     0.4239     1.0414  1021.4355    21.4187     4.6018  0.000e+00
      3.891    23.0158    31.6457     91.875      9.155     0.3995     0.9857  1021.4044    21.3874     4.5929  0.000e+00
      3.996    23.0350    31.6325     91.916      9.155     0.3949     0.9857  1021.3894    21.3719     4.5937  0.000e+00
      4.095    23.0462    31.6554     91.875      9.155     0.3964     0.9872  1021.4041    21.3861     4.5902  0.000e+00
      4.205    23.0773    31.6438     91.878      9.155     0.4071     0.9865  1021.3869    21.3685     4.5881  0.000e+00
      4.302    23.1088    31.6265     91.833      9.154     0.3964     0.9750  1021.3653    21.3464     4.5838  0.000e+00
      4.396    23.1310    31.5440     91.862      9.153     0.3903     0.9773  1021.2969    21.2776     4.5856  0.000e+00
      4.472    23.0978    31.5197     91.754      9.151     0.3857     0.9758  1021.2883    21.2687     4.5836  0.000e+00
      4.526    23.0218    31.5306     91.627      9.148     0.3979     0.9758  1021.3184    21.2986     4.5831  0.000e+00
      4.560    22.9339    31.5685     91.483      9.149     0.4010     0.9727  1021.3721    21.3522     4.5820  0.000e+00
      4.574    22.8526    31.6184     91.098      9.148     0.4193     0.8842  1021.4330    21.4129     4.5679  0.000e+00
      4.585    22.7911    31.6503     90.965      9.147     0.4193     0.8842  1021.4745    21.4544     4.5654  0.000e+00
      4.591    22.7391    31.6392     90.925      9.146     0.4193     0.8865  1021.4808    21.4607     4.5679  0.000e+00
      4.591    22.6797    31.7080     90.673      9.145     0.4193     0.8858  1021.5496    21.5295     4.5582  0.000e+00
      4.600    22.6518    31.7665     90.967      9.143     0.4254     0.8240  1021.6017    21.5816     4.5737  0.000e+00
      4.623    22.6712    31.7474     90.989      9.146     0.4208     0.8293  1021.5820    21.5617     4.5737  0.000e+00
      4.648    22.7038    31.8239     91.343      9.150     0.4132     0.8255  1021.6308    21.6105     4.5868  0.000e+00
      4.688    22.7921    31.8009     91.339      9.151     0.4193     0.8270  1021.5888    21.5682     4.5800  0.000e+00
      4.724    22.8919    31.7616     91.605      9.152     0.4514     0.8644  1021.5309    21.5102     4.5863  0.000e+00
      4.737    22.9794    31.6512     91.838      9.148     0.4727     0.8613  1021.4226    21.4019     4.5939  0.000e+00
      4.733    23.0086    31.6046     92.041      9.148     0.4712     0.8644  1021.3791    21.3584     4.6029  0.000e+00
      4.704    22.9778    31.5245     92.127      9.146     0.4712     0.8613  1021.3270    21.3064     4.6118  0.000e+00
      4.659    22.8742    31.5749     92.002      9.147     0.4514     0.8949  1021.3943    21.3739     4.6127  0.000e+00
      4.607    22.7735    31.6290     91.852      9.147     0.4529     0.9003  1021.4635    21.4433     4.6119  0.000e+00
      4.531    22.7062    31.8096     91.594      9.149     0.4468     0.8942  1021.6188    21.5990     4.5996  0.000e+00
      4.454    22.7468    31.7308     91.215      9.149     0.4483     0.8949  1021.5473    21.5278     4.5794  0.000e+00
      4.358    22.7710    31.6720     90.909      9.149     0.4391     0.8957  1021.4956    21.4765     4.5636  0.000e+00
      4.239    22.7555    31.7361     90.963      9.151     0.3903     0.9109  1021.5480    21.5295     4.5659  0.000e+00
      4.120    22.7690    31.7894     91.157      9.152     0.3796     0.9071  1021.5840    21.5660     4.5731  0.000e+00
      4.003    22.8391    31.7824     91.128      9.151     0.4010     0.9087  1021.5584    21.5409     4.5662  0.000e+00
      3.922    22.9241    31.7346     91.338      9.151     0.4010     0.9071  1021.4978    21.4807     4.5711  0.000e+00
      3.895    22.9972    31.7034     91.651      9.152     0.3827     0.9987  1021.4534    21.4363     4.5817  0.000e+00
      3.904    23.0549    31.6291     91.942      9.152     0.3659     1.0025  1021.3809    21.3638     4.5935  0.000e+00
      3.927    23.0702    31.5867     92.183      9.148     0.3751     0.9987  1021.3444    21.3272     4.6055  0.000e+00
      3.965    23.0506    31.6020     92.321      9.149     0.3766     0.9949  1021.3618    21.3444     4.6135  0.000e+00
      4.014    23.0308    31.6087     92.211      9.148     0.3934     0.9682  1021.3727    21.3551     4.6095  0.000e+00
      4.081    23.0125    31.6240     91.970      9.151     0.3873     0.9628  1021.3897    21.3719     4.5985  0.000e+00
      4.154    23.0080    31.7368     91.665      9.151     0.3995     0.9636  1021.4768    21.4586     4.5806  0.000e+00
      4.232    23.0858    31.7331     91.244      9.155     0.4010     0.9643  1021.4522    21.4337     4.5534  0.000e+00
      4.304    23.1920    31.5919     91.057      9.156     0.3247     1.0216  1021.3154    21.2966     4.5393  0.000e+00
      4.351    23.2217    31.4916     91.090      9.158     0.3323     1.0200  1021.2313    21.2122     4.5412  0.000e+00
      4.387    23.1615    31.4911     91.258      9.158     0.3278     1.0254  1021.2482    21.2290     4.5544  0.000e+00
      4.432    23.0733    31.5579     91.391      9.160     0.3278     1.0170  1021.3240    21.3046     4.5664  0.000e+00
      4.486    23.0148    31.6542     91.326      9.160     0.4071     0.9415  1021.4137    21.3941     4.5653  0.000e+00
      4.547    23.0169    31.6456     91.385      9.160     0.3888     0.9369  1021.4069    21.3870     4.5683  0.000e+00
      4.618    23.0249    31.5508     91.497      9.161     0.3964     0.9399  1021.3332    21.3130     4.5758  0.000e+00
      4.688    22.9757    31.6045     91.273      9.161     0.3995     0.9415  1021.3881    21.3676     4.5671  0.000e+00
      4.751    22.9338    31.7148     91.183      9.163     0.3903     0.9369  1021.4837    21.4630     4.5631  0.000e+00
      4.805    22.9665    31.7372     91.112      9.164     0.4193     0.9514  1021.4916    21.4706     4.5563  0.000e+00
      4.836    23.0387    31.7149     90.769      9.159     0.4224     0.9529  1021.4545    21.4333     4.5340  0.000e+00
      4.843    23.1162    31.6089     91.044      9.159     0.4086     0.9491  1021.3522    21.3310     4.5443  0.000e+00
      4.810    23.1334    31.5431     91.511      9.158     0.4208     0.9499  1021.2974    21.2763     4.5679  0.000e+00
      4.747    23.0923    31.4727     91.665      9.159     0.4208     0.9872  1021.2555    21.2348     4.5808  0.000e+00
      4.654    22.9886    31.6142     91.709      9.158     0.4269     0.9811  1021.3916    21.3713     4.5876  0.000e+00
      4.529    22.9338    31.7026     91.720      9.160     0.4300     0.9849  1021.4735    21.4537     4.5903  0.000e+00
      4.367    22.9619    31.6921     91.700      9.159     0.4239     0.9865  1021.4569    21.4378     4.5873  0.000e+00
      4.203    23.0001    31.6741     91.361      9.157     0.3964     0.9643  1021.4318    21.4134     4.5677  0.000e+00
      4.021    23.0341    31.6534     91.252      9.155     0.4071     0.9636  1021.4056    21.3880     4.5601  0.000e+00
      3.837    23.0578    31.6208     90.810      9.156     0.3995     0.9598  1021.3734    21.3566     4.5369  0.000e+00
      3.677    23.0610    31.6128     90.969      9.153     0.3979     0.9567  1021.3658    21.3497     4.5449  0.000e+00
      3.556    23.0554    31.6181     91.003      9.153     0.3796     0.9758  1021.3708    21.3553     4.5469  0.000e+00
      3.495    23.0508    31.6160     91.345      9.153     0.3735     0.9712  1021.3703    21.3550     4.5644  0.000e+00
      3.493    23.0444    31.6353     91.482      9.154     0.3735     0.9712  1021.3867    21.3714     4.5712  0.000e+00
      3.556    23.0511    31.6397     91.458      9.153     0.3705     0.9727  1021.3884    21.3729     4.5694  0.000e+00
      3.668    23.0670    31.6516     91.691      9.153     0.3674     0.9743  1021.3934    21.3774     4.5794  0.000e+00
      3.799    23.0932    31.6645     91.569      9.154     0.3476     0.9987  1021.3963    21.3796     4.5709  0.000e+00
      3.949    23.1353    31.6271     91.626      9.155     0.3506     0.9972  1021.3566    21.3393     4.5713  0.000e+00
      4.111    23.1604    31.5833     91.584      9.151     0.3476     0.9972  1021.3171    21.2991     4.5684  0.000e+00
      4.272    23.1486    31.5696     91.611      9.152     0.3537     0.9956  1021.3107    21.2920     4.5710  0.000e+00
      4.461    23.1170    31.5882     91.538      9.153     0.3537     0.9293  1021.3346    21.3151     4.5694  0.000e+00
      4.634    23.0911    31.6160     91.429      9.152     0.3415     0.9300  1021.3638    21.3435     4.5653  0.000e+00
      4.776    23.0842    31.6541     91.219      9.156     0.3400     0.9277  1021.3952    21.3743     4.5544  0.000e+00
      4.865    23.1148    31.6834     91.101      9.153     0.3430     0.9239  1021.4091    21.3878     4.5453  0.000e+00
      4.875    23.1816    31.6679     91.106      9.158     0.3247     1.0162  1021.3784    21.3570     4.5406  0.000e+00
      4.823    23.2554    31.6400     90.895      9.156     0.3247     1.0086  1021.3360    21.3149     4.5249  0.000e+00
      4.740    23.3263    31.5108     91.038      9.156     0.3262     1.0124  1021.2176    21.1969     4.5298  0.000e+00
      4.650    23.3163    31.4525     91.080      9.159     0.3369     1.0109  1021.1760    21.1556     4.5342  0.000e+00
      4.535    23.2407    31.5321     91.289      9.158     0.3674     1.0185  1021.2573    21.2374     4.5485  0.000e+00
      4.392    23.1981    31.6010     91.229      9.158     0.3735     1.0269  1021.3209    21.3017     4.5471  0.000e+00
      4.245    23.2003    31.5945     91.328      9.157     0.3827     1.0185  1021.3147    21.2962     4.5521  0.000e+00
      4.097    23.2090    31.5432     91.532      9.157     0.3705     1.0208  1021.2728    21.2549     4.5629  0.000e+00
      3.954    23.1807    31.5439     91.540      9.156     0.3766     0.9270  1021.2808    21.2635     4.5656  0.000e+00
      3.827    23.1377    31.5773     91.661      9.154     0.3629     0.9262  1021.3177    21.3010     4.5742  0.000e+00
      3.738    23.1057    31.6370     91.610      9.152     0.3629     0.9285  1021.3716    21.3553     4.5726  0.000e+00
      3.697    23.1072    31.6271     91.249      9.153     0.3690     0.9254  1021.3635    21.3474     4.5548  0.000e+00
      3.684    23.1138    31.6244     91.165      9.152     0.3735     0.9262  1021.3596    21.3434     4.5501  0.000e+00
      3.700    23.1190    31.5877     91.455      9.154     0.3705     0.9705  1021.3304    21.3142     4.5651  0.000e+00
      3.740    23.1005    31.5722     91.146      9.152     0.3751     0.9758  1021.3240    21.3077     4.5516  0.000e+00
      3.803    23.0632    31.6210     91.121      9.151     0.3735     0.9712  1021.3719    21.3552     4.5521  0.000e+00
      3.882    23.0519    31.6744     91.086      9.151     0.3705     0.9743  1021.4159    21.3989     4.5498  0.000e+00
      3.951    23.0826    31.7626     91.125      9.152     0.3674     0.9621  1021.4742    21.4569     4.5470  0.000e+00
      4.009    23.1929    31.6927     90.921      9.152     0.3705     0.9628  1021.3902    21.3726     4.5298  0.000e+00
      4.068    23.2906    31.5816     91.208      9.152     0.3796     0.9628  1021.2784    21.2606     4.5393  0.000e+00
      4.127    23.3198    31.4769     91.325      9.152     0.3690     0.9659  1021.1911    21.1730     4.5455  0.000e+00
      4.171    23.2685    31.4938     91.413      9.153     0.3705     1.0071  1021.2187    21.2005     4.5535  0.000e+00
      4.210    23.2024    31.5460     91.297      9.151     0.3735     1.0117  1021.2773    21.2589     4.5516  0.000e+00
      4.232    23.1604    31.5668     91.093      9.152     0.3644     1.0139  1021.3051    21.2866     4.5443  0.000e+00
      4.255    23.1281    31.5750     90.948      9.153     0.3735     1.0071  1021.3206    21.3020     4.5394  0.000e+00
      4.295    23.0987    31.5738     90.868      9.149     0.4239     0.9926  1021.3282    21.3095     4.5378  0.000e+00
      4.311    23.0698    31.6558     90.906      9.152     0.4224     0.9964  1021.3985    21.3797     4.5399  0.000e+00
      4.328    23.0866    31.6505     90.805      9.152     0.4239     0.9972  1021.3899    21.3709     4.5336  0.000e+00
      4.360    23.1127    31.6342     90.782      9.151     0.4285     1.0040  1021.3703    21.3512     4.5308  0.000e+00
      4.382    23.1336    31.6390     90.944      9.151     0.3888     1.0071  1021.3680    21.3489     4.5371  0.000e+00
      4.423    23.1589    31.6576     91.279      9.152     0.3995     1.0094  1021.3751    21.3557     4.5513  0.000e+00
      4.454    23.1925    31.6353     91.364      9.152     0.4010     1.0109  1021.3488    21.3293     4.5534  0.000e+00
      4.483    23.2188    31.6164     91.626      9.154     0.3995     1.0063  1021.3271    21.3075     4.5649  0.000e+00
      4.519    23.2309    31.5732     91.899      9.156     0.3949     1.0132  1021.2911    21.2713     4.5787  0.000e+00
      4.555    23.2177    31.6191     92.010      9.155     0.3232     0.9636  1021.3297    21.3098     4.5840  0.000e+00
      4.596    23.2210    31.5611     91.987      9.159     0.3308     0.9605  1021.2851    21.2650     4.5842  0.000e+00
      4.636    23.2020    31.7361     91.789      9.160     0.3308     0.9651  1021.4231    21.4028     4.5712  0.000e+00
      4.652    23.2754    31.4493     91.689      9.161     0.3247     0.9582  1021.1852    21.1649     4.5679  0.000e+00
      4.679    23.2155    31.3538     91.057      9.158     0.3796     0.8758  1021.1302    21.1097     4.5437  0.000e+00
      4.701    23.0222    31.4749     90.847      9.159     0.3827     0.8705  1021.2769    21.2563     4.5455  0.000e+00
      4.695    22.8604    31.5857     90.458      9.156     0.3659     0.8705  1021.4065    21.3860     4.5361  0.000e+00
      4.690    22.7521    31.6812     90.005      9.154     0.3735     0.8751  1021.5093    21.4888     4.5195  0.000e+00
      4.668    22.7095    31.8721     89.749      9.151     0.3400     0.9155  1021.6658    21.6454     4.5051  0.000e+00
      4.630    22.7950    31.8500     89.696      9.150     0.3552     0.9193  1021.6248    21.6046     4.4962  0.000e+00
      4.602    22.9201    31.7567     89.900      9.147     0.3445     0.9170  1021.5187    21.4985     4.4989  0.000e+00
