data/CTD/원시자료/20220816-0817_현장조사/20220816-0817_CTD/St.4.cnv
* Sea-Bird SBE 19plus V2 Data File:
* FileName = D:\CTD\DATA\20220816-20220818_MABIC\St.4.hex
* Software Version Seasave V 7.26.7.121
* Temperature SN = 7832
* Conductivity SN = 7832
* System UpLoad Time = Aug 17 2022 10:03:36
** Ship:
** Station:
** Operator:
# nquan = 11
# nvalues = 2432                                  
# units = specified
# name 0 = depSM: Depth [salt water, m], lat = 0.00
# name 1 = tv290C: Temperature [ITS-90, deg C]
# name 2 = sal00: Salinity, Practical [PSU]
# name 3 = sbeox0PS: Oxygen, SBE 43 [% saturation]
# name 4 = ph: pH
# name 5 = turbWETntu0: Turbidity, WET Labs ECO [NTU]
# name 6 = flECO-AFL: Fluorescence, WET Labs ECO-AFL/FL [mg/m^3]
# name 7 = density00: Density [density, kg/m^3]
# name 8 = sigma-t00: Density [sigma-t, kg/m^3 ]
# name 9 = sbeox0ML/L: Oxygen, SBE 43 [ml/l]
# name 10 = flag:  0.000e+00
# span 0 =     -0.064,     76.354                 
# span 1 =    15.3108,    24.1148                 
# span 2 =     1.0330,    34.3604                 
# span 3 =     58.718,    139.099                 
# span 4 =      8.944,      9.173                 
# span 5 =     0.0546,    52.0680                 
# span 6 =    -0.0649,     1.6029                 
# span 7 =   998.3428,  1025.7479                 
# span 8 =    -1.6569,    25.4089                 
# span 9 =     3.3351,     6.9683                 
# span 10 = 0.0000e+00, 0.0000e+00                
# interval = seconds: 0.25
# start_time = Aug 17 2022 01:03:36 [System UTC, header]
# bad_flag = -9.990e-29
*END*
[from data line 1312]
     75.961    15.3132    34.3573     58.976      9.031     1.2784     0.0419  1025.7462    25.4075     3.3496  0.000e+00
     75.938    15.3130    34.3574     58.950      9.033     1.2387     0.0473  1025.7463    25.4077     3.3481  0.000e+00
     75.927    15.3130    34.3572     58.975      9.033     1.2555     0.0450  1025.7460    25.4075     3.3496  0.000e+00
     75.933    15.3131    34.3576     58.904      9.031     1.2540     0.0511  1025.7463    25.4077     3.3456  0.000e+00
     75.945    15.3130    34.3575     58.963      9.033     1.2555     0.0450  1025.7463    25.4077     3.3489  0.000e+00
     75.951    15.3130    34.3574     58.950      9.034     1.1166     0.0488  1025.7463    25.4076     3.3482  0.000e+00
     75.956    15.3130    34.3575     59.034      9.031     1.1182     0.0458  1025.7464    25.4077     3.3529  0.000e+00
     75.974    15.3131    34.3573     59.012      9.031     1.1243     0.0480  1025.7463    25.4075     3.3517  0.000e+00
     75.988    15.3131    34.3574     59.001      9.032     1.1212     0.0473  1025.7464    25.4076     3.3510  0.000e+00
     75.996    15.3130    34.3576     59.054      9.032     1.1929     0.0351  1025.7467    25.4078     3.3540  0.000e+00
     75.992    15.3130    34.3576     59.031      9.030     1.1975     0.0351  1025.7466    25.4078     3.3527  0.000e+00
     75.965    15.3132    34.3576     59.080      9.031     1.1899     0.0366  1025.7464    25.4077     3.3555  0.000e+00
     75.932    15.3132    34.3578     59.062      9.031     1.1960     0.0335  1025.7465    25.4079     3.3545  0.000e+00
     75.905    15.3131    34.3576     59.040      9.030     1.2723     0.0473  1025.7463    25.4078     3.3533  0.000e+00
     75.875    15.3133    34.3574     58.999      9.033     1.2677     0.0412  1025.7459    25.4075     3.3509  0.000e+00
     75.850    15.3135    34.3573     59.067      9.032     1.2677     0.0488  1025.7457    25.4075     3.3547  0.000e+00
     75.833    15.3133    34.3577     59.078      9.032     1.2738     0.0503  1025.7459    25.4078     3.3554  0.000e+00
     75.837    15.3136    34.3570     59.079      9.033     1.2647     0.0473  1025.7454    25.4072     3.3554  0.000e+00
     75.853    15.3134    34.3573     59.000      9.030     1.1990     0.0480  1025.7457    25.4075     3.3510  0.000e+00
     75.889    15.3133    34.3575     58.960      9.032     1.1975     0.0450  1025.7460    25.4077     3.3487  0.000e+00
     75.945    15.3133    34.3574     58.999      9.031     1.2006     0.0534  1025.7462    25.4076     3.3509  0.000e+00
     76.006    15.3134    34.3573     58.979      9.029     1.1929     0.0503  1025.7464    25.4075     3.3498  0.000e+00
     76.077    15.3133    34.3574     58.967      9.028     1.2204     0.0473  1025.7468    25.4076     3.3491  0.000e+00
     76.156    15.3133    34.3574     58.942      9.030     1.2097     0.0465  1025.7471    25.4075     3.3477  0.000e+00
     76.224    15.3133    34.3574     58.975      9.030     1.2265     0.0473  1025.7474    25.4076     3.3496  0.000e+00
     76.288    15.3134    34.3575     59.065      9.032     1.2189     0.0450  1025.7477    25.4076     3.3546  0.000e+00
     76.333    15.3134    34.3572     59.106      9.030     1.1960     0.0366  1025.7477    25.4074     3.3570  0.000e+00
     76.354    15.3133    34.3572     59.107      9.031     1.1853     0.0328  1025.7479    25.4074     3.3570  0.000e+00
     76.347    15.3133    34.3571     59.024      9.030     1.2006     0.0320  1025.7478    25.4073     3.3523  0.000e+00
     76.320    15.3132    34.3571     58.990      9.032     1.1975     0.0404  1025.7476    25.4073     3.3504  0.000e+00
     76.260    15.3133    34.3569     59.013      9.030     1.2662     0.0465  1025.7472    25.4071     3.3517  0.000e+00
     76.188    15.3131    34.3572     58.987      9.029     1.2555     0.0465  1025.7472    25.4074     3.3502  0.000e+00
     76.095    15.3132    34.3570     58.948      9.032     1.2631     0.0404  1025.7466    25.4073     3.3480  0.000e+00
     75.992    15.3131    34.3573     58.882      9.030     1.2677     0.0419  1025.7463    25.4075     3.3443  0.000e+00
     75.898    15.3132    34.3570     58.932      9.032     1.2845     0.0335  1025.7457    25.4073     3.3471  0.000e+00
     75.804    15.3133    34.3576     58.939      9.030     1.2830     0.0328  1025.7457    25.4077     3.3475  0.000e+00
     75.725    15.3135    34.3570     58.946      9.031     1.2860     0.0335  1025.7449    25.4072     3.3479  0.000e+00
     75.669    15.3136    34.3568     58.926      9.030     1.2952     0.0351  1025.7445    25.4070     3.3468  0.000e+00
     75.635    15.3135    34.3566     58.856      9.030     1.2845     0.0282  1025.7441    25.4069     3.3428  0.000e+00
     75.635    15.3133    34.3569     58.906      9.032     1.2692     0.0343  1025.7444    25.4072     3.3456  0.000e+00
     75.653    15.3132    34.3568     58.863      9.029     1.2631     0.0366  1025.7445    25.4071     3.3432  0.000e+00
     75.691    15.3131    34.3570     58.843      9.029     1.2647     0.0351  1025.7448    25.4073     3.3421  0.000e+00
     75.752    15.3130    34.3573     58.869      9.030     1.2753     0.0320  1025.7453    25.4075     3.3436  0.000e+00
     75.828    15.3130    34.3570     58.995      9.032     1.3318     0.0221  1025.7454    25.4073     3.3507  0.000e+00
     75.911    15.3130    34.3571     59.027      9.030     1.3364     0.0221  1025.7459    25.4074     3.3525  0.000e+00
     75.990    15.3130    34.3571     59.099      9.030     1.3410     0.0206  1025.7462    25.4074     3.3566  0.000e+00
     76.069    15.3131    34.3571     59.092      9.030     1.3471     0.0229  1025.7465    25.4073     3.3562  0.000e+00
     76.145    15.3133    34.3565     59.091      9.031     1.2387     0.0366  1025.7464    25.4068     3.3561  0.000e+00
     76.203    15.3132    34.3569     59.164      9.031     1.2418     0.0381  1025.7470    25.4072     3.3603  0.000e+00
     76.250    15.3130    34.3570     59.150      9.032     1.2448     0.0328  1025.7473    25.4073     3.3595  0.000e+00
     76.278    15.3130    34.3568     59.053      9.032     1.2402     0.0366  1025.7473    25.4072     3.3540  0.000e+00
     76.300    15.3128    34.3569     59.023      9.031     1.1441     0.0366  1025.7475    25.4073     3.3523  0.000e+00
     76.307    15.3130    34.3569     59.070      9.029     1.1472     0.0335  1025.7475    25.4072     3.3550  0.000e+00
     76.302    15.3128    34.3574     59.106      9.028     1.1594     0.0366  1025.7479    25.4077     3.3570  0.000e+00
     76.284    15.3130    34.3571     59.081      9.029     1.1533     0.0328  1025.7475    25.4073     3.3556  0.000e+00
     76.257    15.3128    34.3574     59.076      9.031     1.2448     0.0412  1025.7477    25.4077     3.3553  0.000e+00
     76.221    15.3130    34.3571     59.051      9.028     1.2418     0.0450  1025.7472    25.4074     3.3539  0.000e+00
     76.192    15.3132    34.3571     59.094      9.030     1.2357     0.0458  1025.7471    25.4074     3.3563  0.000e+00
     76.158    15.3131    34.3572     59.074      9.029     1.2463     0.0427  1025.7470    25.4074     3.3552  0.000e+00
     76.129    15.3131    34.3570     59.021      9.029     1.2418     0.0503  1025.7468    25.4073     3.3522  0.000e+00
     76.105    15.3133    34.3569     59.026      9.031     1.2128     0.0572  1025.7465    25.4071     3.3525  0.000e+00
     76.082    15.3134    34.3568     58.965      9.029     1.2296     0.0618  1025.7463    25.4071     3.3490  0.000e+00
     76.066    15.3133    34.3571     59.061      9.027     1.2235     0.0580  1025.7465    25.4073     3.3544  0.000e+00
     76.057    15.3132    34.3568     59.037      9.027     1.2235     0.0580  1025.7462    25.4071     3.3531  0.000e+00
     76.049    15.3131    34.3570     59.101      9.030     1.2647     0.0343  1025.7464    25.4073     3.3567  0.000e+00
     76.049    15.3131    34.3571     59.101      9.027     1.2616     0.0351  1025.7465    25.4073     3.3567  0.000e+00
     76.057    15.3130    34.3573     59.105      9.030     1.2677     0.0305  1025.7467    25.4075     3.3570  0.000e+00
     76.064    15.3131    34.3574     59.131      9.029     1.2784     0.0328  1025.7467    25.4076     3.3584  0.000e+00
     76.076    15.3132    34.3569     59.149      9.028     1.2174     0.0435  1025.7465    25.4072     3.3594  0.000e+00
     76.095    15.3132    34.3569     59.103      9.028     1.2189     0.0488  1025.7465    25.4072     3.3569  0.000e+00
     76.096    15.3130    34.3571     59.103      9.029     1.2189     0.0404  1025.7467    25.4074     3.3568  0.000e+00
     76.100    15.3132    34.3569     59.100      9.030     1.2189     0.0435  1025.7465    25.4072     3.3567  0.000e+00
     76.102    15.3132    34.3568     59.064      9.026     1.2738     0.0397  1025.7464    25.4071     3.3546  0.000e+00
     76.087    15.3132    34.3569     59.099      9.030     1.2662     0.0305  1025.7465    25.4072     3.3566  0.000e+00
     76.073    15.3131    34.3568     59.002      9.026     1.2677     0.0389  1025.7464    25.4072     3.3511  0.000e+00
     76.051    15.3130    34.3568     58.986      9.030     1.2570     0.0351  1025.7463    25.4072     3.3502  0.000e+00
     76.031    15.3131    34.3569     58.954      9.027     1.2128     0.0473  1025.7462    25.4072     3.3484  0.000e+00
     76.012    15.3130    34.3569     59.053      9.030     1.2235     0.0458  1025.7462    25.4072     3.3540  0.000e+00
     76.003    15.3130    34.3566     59.069      9.030     1.2128     0.0450  1025.7459    25.4070     3.3549  0.000e+00
     75.997    15.3129    34.3567     59.082      9.028     1.2174     0.0465  1025.7460    25.4071     3.3556  0.000e+00
     76.006    15.3129    34.3570     59.040      9.028     1.2219     0.0511  1025.7462    25.4073     3.3533  0.000e+00
     76.024    15.3130    34.3570     59.098      9.028     1.2875     0.0435  1025.7463    25.4073     3.3565  0.000e+00
     76.053    15.3129    34.3572     59.138      9.031     1.2921     0.0419  1025.7466    25.4075     3.3588  0.000e+00
     76.093    15.3130    34.3570     59.101      9.030     1.2906     0.0465  1025.7466    25.4073     3.3567  0.000e+00
     76.140    15.3129    34.3572     58.990      9.028     1.2814     0.0511  1025.7470    25.4075     3.3504  0.000e+00
     76.190    15.3128    34.3568     59.015      9.029     1.2204     0.0519  1025.7469    25.4072     3.3519  0.000e+00
     76.242    15.3130    34.3571     58.984      9.027     1.2128     0.0480  1025.7473    25.4074     3.3501  0.000e+00
     76.284    15.3129    34.3570     58.949      9.030     1.2204     0.0419  1025.7475    25.4073     3.3481  0.000e+00
     76.316    15.3130    34.3570     58.955      9.028     1.2219     0.0465  1025.7476    25.4073     3.3484  0.000e+00
     76.340    15.3128    34.3567     58.946      9.028     1.3303     0.0603  1025.7475    25.4071     3.3479  0.000e+00
     76.347    15.3127    34.3570     58.884      9.029     1.3410     0.0549  1025.7478    25.4073     3.3444  0.000e+00
     76.345    15.3130    34.3566     58.905      9.027     1.3272     0.0564  1025.7474    25.4070     3.3456  0.000e+00
     76.332    15.3128    34.3569     58.958      9.027     1.3349     0.0580  1025.7476    25.4073     3.3486  0.000e+00
     76.313    15.3128    34.3566     58.905      9.028     1.1334     0.0465  1025.7473    25.4071     3.3456  0.000e+00
     76.293    15.3130    34.3569     58.935      9.027     1.1456     0.0473  1025.7474    25.4072     3.3473  0.000e+00
     76.275    15.3130    34.3568     58.930      9.028     1.1365     0.0435  1025.7473    25.4072     3.3470  0.000e+00
     76.260    15.3128    34.3567     58.976      9.028     1.1441     0.0473  1025.7472    25.4072     3.3497  0.000e+00
     76.249    15.3127    34.3570     59.026      9.030     1.1426     0.0450  1025.7474    25.4074     3.3525  0.000e+00
     76.251    15.3129    34.3570     59.012      9.029     1.2616     0.0480  1025.7473    25.4073     3.3517  0.000e+00
     76.257    15.3128    34.3569     59.041      9.028     1.2677     0.0503  1025.7473    25.4073     3.3533  0.000e+00
     76.267    15.3129    34.3570     59.039      9.025     1.2692     0.0465  1025.7474    25.4073     3.3532  0.000e+00
     76.284    15.3128    34.3572     59.031      9.028     1.2708     0.0404  1025.7477    25.4075     3.3528  0.000e+00
     76.302    15.3130    34.3566     59.052      9.027     1.2418     0.0480  1025.7472    25.4070     3.3539  0.000e+00
     76.312    15.3129    34.3565     59.054      9.027     1.2402     0.0473  1025.7473    25.4070     3.3541  0.000e+00
     76.329    15.3128    34.3566     58.982      9.030     1.2479     0.0450  1025.7474    25.4071     3.3500  0.000e+00
     76.343    15.3130    34.3566     59.000      9.028     1.2463     0.0480  1025.7474    25.4070     3.3510  0.000e+00
     76.348    15.3130    34.3567     59.023      9.028     1.3638     0.0435  1025.7475    25.4071     3.3523  0.000e+00
     76.347    15.3129    34.3566     58.954      9.025     1.3608     0.0412  1025.7475    25.4071     3.3484  0.000e+00
     76.336    15.3127    34.3570     59.000      9.026     1.3638     0.0442  1025.7477    25.4073     3.3510  0.000e+00
     76.314    15.3129    34.3567     59.056      9.028     1.3547     0.0419  1025.7474    25.4071     3.3542  0.000e+00
     76.278    15.3128    34.3569     59.089      9.029     1.3104     0.0351  1025.7474    25.4073     3.3560  0.000e+00
     76.239    15.3128    34.3570     59.078      9.029     1.3303     0.0351  1025.7473    25.4074     3.3554  0.000e+00
     76.183    15.3129    34.3569     59.075      9.028     1.3181     0.0335  1025.7469    25.4072     3.3553  0.000e+00
     76.114    15.3130    34.3567     59.103      9.028     1.3104     0.0374  1025.7465    25.4071     3.3568  0.000e+00
     76.047    15.3131    34.3567     59.095      9.028     1.1227     0.0366  1025.7462    25.4071     3.3564  0.000e+00
     75.972    15.3130    34.3567     59.044      9.027     1.1197     0.0389  1025.7459    25.4071     3.3535  0.000e+00
     75.909    15.3128    34.3571     58.967      9.027     1.1258     0.0290  1025.7459    25.4074     3.3491  0.000e+00
     75.853    15.3128    34.3571     59.023      9.027     1.1289     0.0328  1025.7456    25.4074     3.3523  0.000e+00
     75.808    15.3130    34.3568     58.889      9.028     1.1334     0.0305  1025.7452    25.4072     3.3447  0.000e+00
     75.777    15.3131    34.3565     58.994      9.027     1.1853     0.0503  1025.7448    25.4069     3.3507  0.000e+00
     75.752    15.3130    34.3566     58.946      9.028     1.1914     0.0473  1025.7448    25.4070     3.3479  0.000e+00
     75.723    15.3128    34.3566     58.967      9.026     1.1868     0.0480  1025.7447    25.4071     3.3492  0.000e+00
     75.691    15.3128    34.3567     59.036      9.025     1.1945     0.0458  1025.7447    25.4072     3.3531  0.000e+00
     75.658    15.3126    34.3570     59.035      9.027     1.1914     0.0320  1025.7448    25.4074     3.3530  0.000e+00
     75.629    15.3128    34.3570     59.047      9.028     1.1960     0.0290  1025.7446    25.4074     3.3537  0.000e+00
     75.617    15.3129    34.3568     59.026      9.027     1.1899     0.0305  1025.7444    25.4072     3.3525  0.000e+00
     75.615    15.3130    34.3566     59.097      9.028     1.1823     0.0305  1025.7442    25.4070     3.3565  0.000e+00
     75.615    15.3129    34.3568     59.134      9.026     1.1685     0.0473  1025.7444    25.4072     3.3586  0.000e+00
     75.604    15.3126    34.3568     59.172      9.027     1.1639     0.0480  1025.7444    25.4072     3.3608  0.000e+00
     75.559    15.3129    34.3567     59.149      9.025     1.1670     0.0435  1025.7440    25.4071     3.3595  0.000e+00
