data/CTD/원시자료/20220816-0817_현장조사/20220816-0817_CTD/St.4.cnv
* Sea-Bird SBE 19plus V2 Data File:
* FileName = D:\CTD\DATA\20220816-20220818_MABIC\St.4.hex
* Software Version Seasave V 7.26.7.121
* Temperature SN = 7832
* Conductivity SN = 7832
* System UpLoad Time = Aug 17 2022 10:03:36
** Ship:
** Station:
** Operator:
# nquan = 11
# nvalues = 2432                                  
# units = specified
# name 0 = depSM: Depth [salt water, m], lat = 0.00
# name 1 = tv290C: Temperature [ITS-90, deg C]
# name 2 = sal00: Salinity, Practical [PSU]
# name 3 = sbeox0PS: Oxygen, SBE 43 [% saturation]
# name 4 = ph: pH
# name 5 = turbWETntu0: Turbidity, WET Labs ECO [NTU]
# name 6 = flECO-AFL: Fluorescence, WET Labs ECO-AFL/FL [mg/m^3]
# name 7 = density00: Density [density, kg/m^3]
# name 8 = sigma-t00: Density [sigma-t, kg/m^3 ]
# name 9 = sbeox0ML/L: Oxygen, SBE 43 [ml/l]
# name 10 = flag:  0.000e+00
# span 0 =     -0.064,     76.354                 
# span 1 =    15.3108,    24.1148                 
# span 2 =     1.0330,    34.3604                 
# span 3 =     58.718,    139.099                 
# span 4 =      8.944,      9.173                 
# span 5 =     0.0546,    52.0680                 
# span 6 =    -0.0649,     1.6029                 
# span 7 =   998.3428,  1025.7479                 
# span 8 =    -1.6569,    25.4089                 
# span 9 =     3.3351,     6.9683                 
# span 10 = 0.0000e+00, 0.0000e+00                
# interval = seconds: 0.25
# start_time = Aug 17 2022 01:03:36 [System UTC, header]
# bad_flag = -9.990e-29
*END*
[from data line 1181]
     59.217    15.3243    34.3538     59.100      9.039     0.9778     0.0381  1025.6664    25.4024     3.3560  0.000e+00
     59.199    15.3253    34.3518     59.140      9.037     0.9671     0.0328  1025.6645    25.4005     3.3582  0.000e+00
     59.175    15.3256    34.3503     59.112      9.038     1.0938     0.0442  1025.6632    25.3993     3.3567  0.000e+00
     59.157    15.3244    34.3485     59.204      9.040     1.1044     0.0480  1025.6621    25.3982     3.3620  0.000e+00
     59.150    15.3214    34.3503     59.179      9.038     1.0953     0.0519  1025.6641    25.4003     3.3607  0.000e+00
     59.177    15.3186    34.3522     59.225      9.039     1.0938     0.0458  1025.6662    25.4023     3.3635  0.000e+00
     59.237    15.3164    34.3540     59.201      9.038     0.9778     0.0435  1025.6684    25.4043     3.3623  0.000e+00
     59.341    15.3146    34.3559     59.233      9.039     0.9808     0.0458  1025.6708    25.4061     3.3641  0.000e+00
     59.480    15.3135    34.3569     59.230      9.036     0.9747     0.0480  1025.6724    25.4072     3.3640  0.000e+00
     59.667    15.3133    34.3569     59.231      9.039     0.9793     0.0480  1025.6732    25.4071     3.3641  0.000e+00
     59.882    15.3133    34.3571     59.220      9.037     1.0388     0.0358  1025.6744    25.4074     3.3635  0.000e+00
     60.134    15.3139    34.3570     59.214      9.039     1.0510     0.0366  1025.6753    25.4071     3.3631  0.000e+00
     60.421    15.3142    34.3565     59.168      9.037     1.0465     0.0366  1025.6761    25.4066     3.3605  0.000e+00
     60.733    15.3145    34.3562     59.159      9.038     1.0404     0.0366  1025.6772    25.4064     3.3600  0.000e+00
     61.048    15.3147    34.3560     59.146      9.037     1.0938     0.0358  1025.6784    25.4061     3.3592  0.000e+00
     61.367    15.3150    34.3558     59.168      9.040     1.0907     0.0351  1025.6796    25.4060     3.3604  0.000e+00
     61.693    15.3151    34.3559     59.101      9.040     1.0983     0.0335  1025.6811    25.4060     3.3566  0.000e+00
     62.003    15.3150    34.3556     59.113      9.039     1.0968     0.0328  1025.6823    25.4058     3.3573  0.000e+00
     62.279    15.3149    34.3558     59.107      9.038     1.0739     0.0221  1025.6837    25.4060     3.3570  0.000e+00
     62.503    15.3145    34.3564     59.121      9.037     1.0754     0.0274  1025.6852    25.4065     3.3578  0.000e+00
     62.622    15.3143    34.3567     59.053      9.038     1.0831     0.0229  1025.6861    25.4068     3.3539  0.000e+00
     62.652    15.3141    34.3574     58.973      9.040     1.0754     0.0221  1025.6868    25.4074     3.3494  0.000e+00
     62.652    15.3142    34.3594     58.900      9.037     1.0739     0.0206  1025.6883    25.4089     3.3452  0.000e+00
     62.634    15.3153    34.3595     58.839      9.037     1.0800     0.0328  1025.6880    25.4087     3.3416  0.000e+00
     62.593    15.3166    34.3571     58.828      9.035     1.0754     0.0335  1025.6857    25.4066     3.3410  0.000e+00
     62.526    15.3175    34.3604     58.881      9.038     1.0648     0.0366  1025.6878    25.4089     3.3439  0.000e+00
     62.449    15.3214    34.3588     58.973      9.037     1.0785     0.0343  1025.6853    25.4068     3.3489  0.000e+00
     62.389    15.3276    34.3532     59.013      9.038     1.0388     0.0526  1025.6794    25.4011     3.3508  0.000e+00
     62.346    15.3313    34.3473     59.040      9.037     1.0449     0.0465  1025.6738    25.3958     3.3522  0.000e+00
     62.339    15.3314    34.3456     59.123      9.036     1.0541     0.0435  1025.6724    25.3945     3.3570  0.000e+00
     62.382    15.3293    34.3440     59.077      9.035     1.0480     0.0480  1025.6719    25.3937     3.3545  0.000e+00
     62.465    15.3250    34.3469     59.144      9.039     1.0907     0.0473  1025.6754    25.3969     3.3586  0.000e+00
     62.582    15.3201    34.3514     59.053      9.036     1.1105     0.0450  1025.6805    25.4014     3.3536  0.000e+00
     62.739    15.3172    34.3536     59.013      9.035     1.0968     0.0465  1025.6835    25.4037     3.3516  0.000e+00
     62.939    15.3156    34.3550     59.043      9.036     1.1044     0.0442  1025.6859    25.4052     3.3533  0.000e+00
     63.155    15.3146    34.3560     59.038      9.036     1.1746     0.0503  1025.6879    25.4062     3.3531  0.000e+00
     63.418    15.3140    34.3562     59.097      9.036     1.1731     0.0465  1025.6893    25.4064     3.3565  0.000e+00
     63.714    15.3138    34.3565     59.006      9.038     1.1762     0.0435  1025.6909    25.4067     3.3513  0.000e+00
     64.018    15.3134    34.3569     59.068      9.036     1.1746     0.0480  1025.6927    25.4072     3.3549  0.000e+00
     64.341    15.3133    34.3569     58.973      9.038     1.1945     0.0267  1025.6941    25.4072     3.3495  0.000e+00
     64.657    15.3132    34.3572     58.989      9.037     1.2021     0.0374  1025.6957    25.4074     3.3503  0.000e+00
     64.968    15.3133    34.3569     58.969      9.037     1.1990     0.0335  1025.6969    25.4072     3.3492  0.000e+00
     65.300    15.3131    34.3573     58.970      9.036     1.1884     0.0335  1025.6987    25.4075     3.3493  0.000e+00
     65.610    15.3132    34.3573     58.888      9.037     1.1960     0.0366  1025.7001    25.4075     3.3446  0.000e+00
     65.898    15.3132    34.3572     58.969      9.037     1.1929     0.0282  1025.7013    25.4074     3.3492  0.000e+00
     66.127    15.3132    34.3571     59.001      9.036     1.2067     0.0206  1025.7023    25.4074     3.3511  0.000e+00
     66.273    15.3132    34.3574     59.036      9.036     1.1975     0.0290  1025.7031    25.4075     3.3530  0.000e+00
     66.351    15.3133    34.3587     59.048      9.036     1.1960     0.0221  1025.7044    25.4085     3.3537  0.000e+00
     66.381    15.3139    34.3577     59.021      9.035     1.1304     0.0252  1025.7037    25.4077     3.3521  0.000e+00
     66.396    15.3143    34.3587     59.024      9.036     1.1151     0.0252  1025.7044    25.4083     3.3522  0.000e+00
     66.380    15.3147    34.3595     59.022      9.036     1.1227     0.0206  1025.7048    25.4088     3.3521  0.000e+00
     66.331    15.3158    34.3574     59.098      9.038     1.1258     0.0244  1025.7028    25.4070     3.3564  0.000e+00
     66.261    15.3162    34.3560     59.119      9.034     1.0419     0.0290  1025.7013    25.4058     3.3575  0.000e+00
     66.190    15.3162    34.3579     59.104      9.037     1.0449     0.0191  1025.7024    25.4073     3.3567  0.000e+00
     66.144    15.3177    34.3560     59.144      9.036     1.0495     0.0213  1025.7004    25.4055     3.3589  0.000e+00
     66.116    15.3183    34.3531     59.165      9.036     1.0480     0.0244  1025.6980    25.4032     3.3601  0.000e+00
     66.120    15.3175    34.3531     59.276      9.036     1.1166     0.0351  1025.6981    25.4033     3.3664  0.000e+00
     66.169    15.3158    34.3543     59.233      9.035     1.1273     0.0366  1025.6997    25.4047     3.3641  0.000e+00
     66.252    15.3142    34.3557     59.251      9.035     1.1197     0.0305  1025.7015    25.4060     3.3652  0.000e+00
     66.378    15.3133    34.3567     59.197      9.038     1.1197     0.0412  1025.7030    25.4070     3.3622  0.000e+00
     66.538    15.3127    34.3571     59.183      9.036     1.1166     0.0358  1025.7042    25.4075     3.3614  0.000e+00
     66.731    15.3125    34.3577     59.189      9.036     1.1243     0.0412  1025.7056    25.4080     3.3617  0.000e+00
     66.956    15.3128    34.3569     59.127      9.038     1.1212     0.0305  1025.7059    25.4073     3.3582  0.000e+00
     67.205    15.3130    34.3568     59.095      9.034     1.1212     0.0335  1025.7069    25.4072     3.3564  0.000e+00
     67.486    15.3130    34.3571     58.979      9.035     1.1197     0.0389  1025.7083    25.4074     3.3498  0.000e+00
     67.784    15.3133    34.3566     58.995      9.036     1.2631     0.0351  1025.7092    25.4070     3.3507  0.000e+00
     68.070    15.3133    34.3568     58.977      9.034     1.2631     0.0320  1025.7106    25.4071     3.3497  0.000e+00
     68.366    15.3134    34.3566     59.003      9.034     1.2753     0.0397  1025.7117    25.4069     3.3512  0.000e+00
     68.649    15.3134    34.3570     59.031      9.036     1.2616     0.0305  1025.7134    25.4072     3.3527  0.000e+00
     68.908    15.3134    34.3566     59.020      9.036     1.1685     0.0236  1025.7142    25.4069     3.3521  0.000e+00
     69.148    15.3133    34.3569     58.970      9.037     1.1731     0.0183  1025.7155    25.4072     3.3493  0.000e+00
     69.330    15.3133    34.3576     59.022      9.037     1.1594     0.0152  1025.7168    25.4077     3.3522  0.000e+00
     69.482    15.3133    34.3574     58.969      9.035     1.1701     0.0221  1025.7174    25.4076     3.3492  0.000e+00
     69.606    15.3136    34.3572     58.990      9.034     1.1411     0.0427  1025.7178    25.4074     3.3504  0.000e+00
     69.703    15.3137    34.3573     58.931      9.035     1.1472     0.0389  1025.7182    25.4074     3.3470  0.000e+00
     69.775    15.3137    34.3571     58.971      9.037     1.1441     0.0335  1025.7184    25.4073     3.3493  0.000e+00
     69.835    15.3134    34.3570     58.944      9.037     1.1456     0.0351  1025.7186    25.4072     3.3478  0.000e+00
     69.882    15.3136    34.3566     58.965      9.037     1.1487     0.0366  1025.7185    25.4069     3.3490  0.000e+00
     69.923    15.3131    34.3564     58.995      9.036     1.1334     0.0366  1025.7187    25.4069     3.3507  0.000e+00
     69.972    15.3126    34.3572     58.996      9.033     1.1395     0.0351  1025.7195    25.4075     3.3508  0.000e+00
     70.026    15.3123    34.3571     59.043      9.033     1.1533     0.0374  1025.7198    25.4075     3.3535  0.000e+00
     70.091    15.3122    34.3572     59.033      9.036     1.2265     0.0511  1025.7202    25.4077     3.3529  0.000e+00
     70.172    15.3120    34.3576     59.074      9.035     1.2189     0.0450  1025.7209    25.4080     3.3552  0.000e+00
     70.275    15.3120    34.3575     59.005      9.035     1.2097     0.0496  1025.7213    25.4079     3.3513  0.000e+00
     70.390    15.3121    34.3575     58.994      9.036     1.2158     0.0465  1025.7218    25.4079     3.3507  0.000e+00
     70.531    15.3122    34.3578     59.025      9.035     1.2128     0.0465  1025.7226    25.4081     3.3524  0.000e+00
     70.680    15.3125    34.3578     59.013      9.033     1.1807     0.0343  1025.7232    25.4080     3.3518  0.000e+00
     70.844    15.3126    34.3581     58.944      9.035     1.1609     0.0320  1025.7242    25.4083     3.3478  0.000e+00
     71.025    15.3129    34.3581     58.998      9.032     1.1716     0.0343  1025.7249    25.4082     3.3508  0.000e+00
     71.201    15.3131    34.3580     59.062      9.036     1.1731     0.0328  1025.7256    25.4081     3.3545  0.000e+00
     71.385    15.3134    34.3578     59.061      9.036     1.1639     0.0343  1025.7261    25.4078     3.3544  0.000e+00
     71.565    15.3139    34.3574     59.158      9.035     1.1670     0.0366  1025.7266    25.4074     3.3599  0.000e+00
     71.744    15.3140    34.3573     59.247      9.036     1.1823     0.0335  1025.7272    25.4073     3.3649  0.000e+00
     71.911    15.3142    34.3572     59.220      9.033     1.1777     0.0335  1025.7279    25.4072     3.3634  0.000e+00
     72.074    15.3140    34.3575     59.149      9.034     1.2418     0.0404  1025.7288    25.4075     3.3594  0.000e+00
     72.220    15.3141    34.3574     59.076      9.034     1.2387     0.0366  1025.7294    25.4073     3.3552  0.000e+00
     72.373    15.3143    34.3573     59.010      9.033     1.2525     0.0366  1025.7300    25.4072     3.3514  0.000e+00
     72.515    15.3142    34.3572     58.961      9.034     1.2418     0.0389  1025.7305    25.4072     3.3487  0.000e+00
     72.649    15.3142    34.3569     58.921      9.034     1.1639     0.0236  1025.7310    25.4070     3.3464  0.000e+00
     72.780    15.3142    34.3574     58.810      9.033     1.1731     0.0236  1025.7319    25.4073     3.3401  0.000e+00
     72.906    15.3140    34.3570     58.831      9.033     1.1746     0.0221  1025.7322    25.4071     3.3413  0.000e+00
     73.034    15.3137    34.3571     58.884      9.032     1.1701     0.0236  1025.7329    25.4072     3.3443  0.000e+00
     73.166    15.3138    34.3569     58.893      9.033     1.0724     0.0343  1025.7333    25.4070     3.3449  0.000e+00
     73.299    15.3137    34.3570     58.953      9.032     1.0678     0.0290  1025.7341    25.4072     3.3483  0.000e+00
     73.433    15.3135    34.3572     58.941      9.033     1.0663     0.0381  1025.7348    25.4074     3.3476  0.000e+00
     73.566    15.3136    34.3576     58.945      9.033     1.0739     0.0335  1025.7357    25.4076     3.3478  0.000e+00
     73.698    15.3136    34.3578     59.000      9.030     1.0770     0.0351  1025.7364    25.4078     3.3509  0.000e+00
     73.838    15.3137    34.3574     59.076      9.034     1.1701     0.0221  1025.7367    25.4075     3.3552  0.000e+00
     73.977    15.3137    34.3576     58.976      9.035     1.1624     0.0236  1025.7375    25.4076     3.3496  0.000e+00
     74.123    15.3138    34.3575     59.059      9.033     1.1655     0.0236  1025.7380    25.4075     3.3543  0.000e+00
     74.264    15.3139    34.3576     59.030      9.034     1.1731     0.0252  1025.7387    25.4075     3.3526  0.000e+00
     74.411    15.3139    34.3573     59.021      9.034     1.1197     0.0335  1025.7392    25.4074     3.3521  0.000e+00
     74.556    15.3140    34.3576     59.055      9.034     1.1227     0.0366  1025.7400    25.4075     3.3541  0.000e+00
     74.698    15.3141    34.3572     59.026      9.033     1.1289     0.0335  1025.7403    25.4073     3.3524  0.000e+00
     74.842    15.3140    34.3575     58.992      9.032     1.1197     0.0366  1025.7412    25.4075     3.3505  0.000e+00
     74.988    15.3140    34.3575     59.044      9.033     1.2158     0.0229  1025.7419    25.4075     3.3534  0.000e+00
     75.132    15.3140    34.3574     59.014      9.034     1.2250     0.0259  1025.7424    25.4074     3.3517  0.000e+00
     75.269    15.3140    34.3570     58.986      9.030     1.2280     0.0206  1025.7427    25.4071     3.3501  0.000e+00
     75.413    15.3142    34.3572     58.984      9.033     1.2128     0.0221  1025.7435    25.4072     3.3500  0.000e+00
     75.559    15.3140    34.3574     58.995      9.030     1.2387     0.0465  1025.7443    25.4074     3.3506  0.000e+00
     75.702    15.3141    34.3571     58.994      9.034     1.2387     0.0488  1025.7447    25.4072     3.3506  0.000e+00
     75.857    15.3140    34.3571     58.954      9.033     1.2357     0.0435  1025.7455    25.4072     3.3483  0.000e+00
     75.981    15.3139    34.3569     58.946      9.032     1.2463     0.0480  1025.7459    25.4071     3.3479  0.000e+00
     76.046    15.3140    34.3573     58.935      9.032     1.1563     0.0358  1025.7464    25.4073     3.3473  0.000e+00
     76.057    15.3139    34.3572     58.930      9.032     1.1487     0.0305  1025.7464    25.4073     3.3470  0.000e+00
     76.043    15.3138    34.3572     58.977      9.031     1.1426     0.0335  1025.7464    25.4073     3.3496  0.000e+00
     76.023    15.3139    34.3569     58.973      9.032     1.1487     0.0335  1025.7460    25.4071     3.3494  0.000e+00
     76.015    15.3137    34.3570     58.992      9.033     1.1411     0.0366  1025.7461    25.4072     3.3505  0.000e+00
     76.019    15.3136    34.3570     59.007      9.033     1.2616     0.0496  1025.7461    25.4072     3.3514  0.000e+00
     76.019    15.3134    34.3573     58.983      9.033     1.2631     0.0473  1025.7464    25.4074     3.3500  0.000e+00
