data/CTD/원시자료/20220816-0817_현장조사/20220816-0817_CTD/St.4.cnv
* Sea-Bird SBE 19plus V2 Data File:
* FileName = D:\CTD\DATA\20220816-20220818_MABIC\St.4.hex
* Software Version Seasave V 7.26.7.121
* Temperature SN = 7832
* Conductivity SN = 7832
* System UpLoad Time = Aug 17 2022 10:03:36
** Ship:
** Station:
** Operator:
# nquan = 11
# nvalues = 2432                                  
# units = specified
# name 0 = depSM: Depth [salt water, m], lat = 0.00
# name 1 = tv290C: Temperature [ITS-90, deg C]
# name 2 = sal00: Salinity, Practical [PSU]
# name 3 = sbeox0PS: Oxygen, SBE 43 [% saturation]
# name 4 = ph: pH
# name 5 = turbWETntu0: Turbidity, WET Labs ECO [NTU]
# name 6 = flECO-AFL: Fluorescence, WET Labs ECO-AFL/FL [mg/m^3]
# name 7 = density00: Density [density, kg/m^3]
# name 8 = sigma-t00: Density [sigma-t, kg/m^3 ]
# name 9 = sbeox0ML/L: Oxygen, SBE 43 [ml/l]
# name 10 = flag:  0.000e+00
# span 0 =     -0.064,     76.354                 
# span 1 =    15.3108,    24.1148                 
# span 2 =     1.0330,    34.3604                 
# span 3 =     58.718,    139.099                 
# span 4 =      8.944,      9.173                 
# span 5 =     0.0546,    52.0680                 
# span 6 =    -0.0649,     1.6029                 
# span 7 =   998.3428,  1025.7479                 
# span 8 =    -1.6569,    25.4089                 
# span 9 =     3.3351,     6.9683                 
# span 10 = 0.0000e+00, 0.0000e+00                
# interval = seconds: 0.25
# start_time = Aug 17 2022 01:03:36 [System UTC, header]
# bad_flag = -9.990e-29
*END*
[from data line 2361]
     -0.040    23.6833     3.1607     87.208      9.128     0.2316    -0.0290   999.7625    -0.2373     5.0748  0.000e+00
     -0.044    23.6788     3.6643     85.373      9.131     0.2347    -0.0214  1000.1428     0.1430     4.9541  0.000e+00
     -0.044    23.6734     4.1792     83.539      9.131     0.2286    -0.0305  1000.5316     0.5318     4.8339  0.000e+00
     -0.041    23.6683     6.0990     82.521      9.129     0.2255    -0.0283  1001.9763     1.9765     4.7231  0.000e+00
     -0.042    23.6634     4.8533     82.322      9.132     0.2255    -0.0305  1001.0411     1.0413     4.7460  0.000e+00
     -0.046    23.6580     7.7135     82.929      9.128     0.2316    -0.0122  1003.1918     3.1920     4.7036  0.000e+00
     -0.046    23.6523    18.9574     83.525      9.132     0.2301    -0.0122  1011.6393    11.6395     4.4418  0.000e+00
     -0.042    23.6472    17.6729     84.201      9.129     0.2377    -0.0122  1010.6750    10.6752     4.5113  0.000e+00
     -0.046    23.6420     8.1856     85.312      9.130     0.2316    -0.0122  1003.5505     3.5507     4.8271  0.000e+00
     -0.050    23.6361    15.3269     86.276      9.131     0.3262    -0.0412  1008.9150     8.9153     4.6861  0.000e+00
     -0.046    23.6307    14.8470     86.299      9.130     0.3201    -0.0412  1008.5559     8.5561     4.7008  0.000e+00
     -0.044    23.6254    15.9622     85.978      9.130     0.3247    -0.0397  1009.3952     9.3954     4.6539  0.000e+00
     -0.044    23.6170    16.7492     86.794      9.132     0.3171    -0.0420  1009.9888     9.9890     4.6775  0.000e+00
     -0.050    23.6064    16.7096     88.179      9.133     0.1782    -0.0527  1009.9619     9.9621     4.7541  0.000e+00
     -0.046    23.5979    16.5822     88.590      9.133     0.1797    -0.0504  1009.8684     9.8686     4.7806  0.000e+00
     -0.046    23.5909    16.3579     87.889      9.131     0.1797    -0.0496  1009.7018     9.7020     4.7494  0.000e+00
     -0.059    23.5843    23.7452     87.343      9.118     0.1843    -0.0466  1015.2615    15.2618     4.5242  0.000e+00
     -0.046    23.5717    21.6871     87.454      9.113     0.2866    -0.0313  1013.7151    13.7153     4.5849  0.000e+00
     -0.053    23.5504    18.9208     87.894      9.108     0.2743    -0.0229  1011.6394    11.6396     4.6837  0.000e+00
     -0.053    23.5343    20.9929     88.287      9.105     0.2774    -0.0221  1013.2027    13.2030     4.6502  0.000e+00
     -0.050    23.5231    13.3874     88.176      9.104     0.2942    -0.0275  1007.4879     7.4881     4.8530  0.000e+00
     -0.050    23.5123    22.2954     88.051      9.102     0.2301    -0.0443  1014.1894    14.1896     4.6050  0.000e+00
     -0.053    23.5042    21.0768     88.552      9.104     0.2316    -0.0519  1013.2742    13.2744     4.6645  0.000e+00
     -0.051    23.5004    21.9301     89.627      9.101     0.2423    -0.0466  1013.9176    13.9178     4.6983  0.000e+00
     -0.048    23.4974    20.6184     90.672      9.105     0.2423    -0.0511  1012.9310    12.9312     4.7893  0.000e+00
     -0.053    23.4940    28.8568     91.801      9.105     0.1752    -0.0351  1019.1426    19.1429     4.6245  0.000e+00
     -0.055    23.4911    30.4928     93.174      9.104     0.1782    -0.0389  1020.3796    20.3799     4.6499  0.000e+00
     -0.051    23.4887    30.5730     94.324      9.106     0.1889    -0.0420  1020.4410    20.4412     4.7053  0.000e+00
     -0.051    23.4858    30.5182     95.572      9.109     0.1767    -0.0405  1020.4004    20.4006     4.7693  0.000e+00
     -0.055    23.4832    30.4143     96.575      9.108     0.1752    -0.0397  1020.3226    20.3228     4.8225  0.000e+00
     -0.053    23.4808    30.5109     97.133      9.111     0.0867    -0.0542  1020.3962    20.3965     4.8479  0.000e+00
     -0.051    23.4788    23.5594     97.351      9.112     0.0867    -0.0511  1015.1508    15.1510     5.0575  0.000e+00
     -0.050    23.4771    12.8969     97.175      9.113     0.0912    -0.0466  1007.1314     7.1317     5.3678  0.000e+00
     -0.055    23.4771    12.0650     96.399      9.115     0.0806    -0.0519  1006.5065     6.5067     5.3505  0.000e+00
     -0.055    23.4780    13.4880     95.593      9.116     0.1431    -0.0115  1007.5752     7.5755     5.2625  0.000e+00
     -0.050    23.4781     7.8898     95.067      9.118     0.1294    -0.0168  1003.3700     3.3702     5.4046  0.000e+00
     -0.055    23.4770    14.5227     94.750      9.117     0.1416    -0.0168  1008.3529     8.3531     5.1853  0.000e+00
     -0.053    23.4765    14.6864     94.629      9.121     0.1294    -0.0130  1008.4760     8.4763     5.1738  0.000e+00
     -0.055    23.4759    20.9298     94.770      9.121     0.0806    -0.0359  1013.1712    13.1714     4.9987  0.000e+00
     -0.053    23.4741    21.9851     94.965      9.121     0.0882    -0.0359  1013.9661    13.9664     4.9789  0.000e+00
     -0.055    23.4657     9.4564     95.202      9.121     0.0806    -0.0397  1004.5500     4.5502     5.3650  0.000e+00
     -0.057    23.4594     7.1620     95.585      9.125     0.0760    -0.0420  1002.8278     2.8281     5.4587  0.000e+00
     -0.052    23.4576    11.9523     95.728      9.127     0.1126    -0.0397  1006.4269     6.4272     5.3186  0.000e+00
     -0.057    23.4566    11.6193     95.688      9.124     0.1126    -0.0366  1006.1770     6.1773     5.3267  0.000e+00
     -0.059    23.4562    12.2287     95.642      9.124     0.1050    -0.0344  1006.6348     6.6351     5.3056  0.000e+00
     -0.061    23.4558    22.3787     95.485      9.127     0.1065    -0.0405  1014.2676    14.2679     4.9964  0.000e+00
     -0.062    23.4494    31.3920     95.271      9.126     0.1324    -0.0260  1021.0714    21.0717     4.7334  0.000e+00
     -0.059    23.4280    31.4090     95.133      9.128     0.1294    -0.0283  1021.0905    21.0907     4.7279  0.000e+00
     -0.059    23.4040    23.9717     94.998      9.127     0.1370    -0.0244  1015.4821    15.4824     4.9301  0.000e+00
     -0.061    23.3908    16.7637     94.813      9.129     0.1401    -0.0275  1010.0600    10.0603     5.1302  0.000e+00
     -0.061    23.3847     8.9383     94.657      9.128     0.1340    -0.0283  1004.1814     4.1817     5.3582  0.000e+00
     -0.055    23.3828    10.5656     94.528      9.128     0.0912    -0.0275  1005.4045     5.4048     5.3013  0.000e+00
     -0.057    23.3825    12.5429     94.425      9.127     0.0745    -0.0321  1006.8901     6.8904     5.2357  0.000e+00
     -0.055    23.3833    10.3920     94.307      9.125     0.0836    -0.0290  1005.2740     5.2742     5.2941  0.000e+00
     -0.057    23.3842    15.8248     94.175      9.127     0.0897    -0.0237  1009.3560     9.3562     5.1240  0.000e+00
     -0.057    23.3846    15.9088     94.133      9.128     0.1370    -0.0008  1009.4189     9.4192     5.1191  0.000e+00
     -0.057    23.3843    11.5177     93.996      9.126     0.1324    -0.0054  1006.1194     6.1196     5.2425  0.000e+00
     -0.055    23.3834    12.1949     93.870      9.127     0.1340    -0.0038  1006.6284     6.6286     5.2152  0.000e+00
     -0.057    23.3809    11.9486     93.773      9.129     0.1370     0.0023  1006.4440     6.4443     5.2175  0.000e+00
     -0.055    23.3780    15.2236     93.675      9.130     0.1172    -0.0077  1008.9057     8.9059     5.1150  0.000e+00
     -0.059    23.3759     8.3607     93.636      9.132     0.0973    -0.0138  1003.7497     3.7500     5.3189  0.000e+00
     -0.061    23.3714    14.5742     93.636      9.130     0.1065    -0.0153  1008.4193     8.4196     5.1326  0.000e+00
     -0.059    23.3596     7.7540     93.580      9.126     0.1080    -0.0138  1003.2979     3.2981     5.3359  0.000e+00
     -0.057    23.3484     6.7631     93.518      9.121     0.0821    -0.0138  1002.5559     2.5561     5.3639  0.000e+00
     -0.055    23.3440     4.6833     93.565      9.118     0.0775    -0.0138  1000.9927     0.9930     5.4316  0.000e+00
     -0.057    23.3449     3.9583     93.506      9.118     0.0851    -0.0138  1000.4468     0.4471     5.4508  0.000e+00
     -0.059    23.3478     4.8629     93.536      9.115     0.0867    -0.0107  1001.1270     1.1272     5.4240  0.000e+00
     -0.055    23.3496     6.2931     93.447      9.111     0.1813    -0.0382  1002.2022     2.2025     5.3743  0.000e+00
     -0.061    23.3497     4.9678     93.586      9.109     0.1904    -0.0412  1001.2054     1.2057     5.4234  0.000e+00
     -0.059    23.3502     5.3529     93.627      9.104     0.1721    -0.0420  1001.4950     1.4953     5.4137  0.000e+00
     -0.059    23.3491     4.6007     93.578      9.103     0.1797    -0.0359  1000.9293     0.9296     5.4344  0.000e+00
