data/CTD/원시자료/20220816-0817_현장조사/20220816-0817_CTD/St.5.cnv
* Sea-Bird SBE 19plus V2 Data File:
* FileName = D:\CTD\DATA\20220816-20220818_MABIC\St.5.hex
* Software Version Seasave V 7.26.7.121
* Temperature SN = 7832
* Conductivity SN = 7832
* System UpLoad Time = Aug 17 2022 18:27:15
** Ship:
** Station:
** Operator:
# nquan = 11
# nvalues = 2098                                  
# units = specified
# name 0 = depSM: Depth [salt water, m], lat = 0.00
# name 1 = tv290C: Temperature [ITS-90, deg C]
# name 2 = sal00: Salinity, Practical [PSU]
# name 3 = sbeox0PS: Oxygen, SBE 43 [% saturation]
# name 4 = ph: pH
# name 5 = turbWETntu0: Turbidity, WET Labs ECO [NTU]
# name 6 = flECO-AFL: Fluorescence, WET Labs ECO-AFL/FL [mg/m^3]
# name 7 = density00: Density [density, kg/m^3]
# name 8 = sigma-t00: Density [sigma-t, kg/m^3 ]
# name 9 = sbeox0ML/L: Oxygen, SBE 43 [ml/l]
# name 10 = flag:  0.000e+00
# span 0 =     -0.060,     83.385                 
# span 1 =    16.4503,    23.5982                 
# span 2 =     2.6920,    34.4157                 
# span 3 =     60.283,    120.431                 
# span 4 =      8.953,      9.185                 
# span 5 =     0.0027,    53.2659                 
# span 6 =    -0.2556,     2.4620                 
# span 7 =   999.4309,  1025.5495                 
# span 8 =    -0.5688,    25.1872                 
# span 9 =     3.3326,     6.0160                 
# span 10 = 0.0000e+00, 0.0000e+00                
# interval = seconds: 0.25
# start_time = Aug 17 2022 09:27:15 [System UTC, header]
# bad_flag = -9.990e-29
*END*
[from data line 132]
      3.561    23.3011    30.7875     96.878      9.183     0.4208     1.6548  1020.6725    20.6569     4.8427  0.000e+00
      3.501    23.3011    30.7871     97.303      9.185     0.4193     1.6472  1020.6719    20.6566     4.8640  0.000e+00
      3.464    23.3009    30.7884     97.738      9.182     0.4147     1.6495  1020.6728    20.6577     4.8857  0.000e+00
      3.417    23.3011    30.7847     98.209      9.182     0.4163     1.6533  1020.6698    20.6548     4.9093  0.000e+00
      3.357    23.3007    30.7820     98.546      9.182     0.4224     1.6495  1020.6676    20.6529     4.9262  0.000e+00
      3.283    23.3001    30.7801     98.666      9.184     0.4391     1.6487  1020.6660    20.6516     4.9324  0.000e+00
      3.222    23.2992    30.7833     98.559      9.183     0.4452     1.6518  1020.6684    20.6543     4.9270  0.000e+00
      3.174    23.2991    30.7874     98.442      9.181     0.4452     1.6533  1020.6713    20.6574     4.9211  0.000e+00
      3.141    23.2998    30.7910     98.196      9.184     0.4422     1.6518  1020.6737    20.6599     4.9086  0.000e+00
      3.119    23.3013    30.7972     98.039      9.182     0.5505     1.6632  1020.6779    20.6642     4.9004  0.000e+00
      3.096    23.3037    30.7976     97.909      9.182     0.5353     1.6579  1020.6774    20.6638     4.8937  0.000e+00
      3.071    23.3060    30.7975     97.852      9.183     0.5338     1.6624  1020.6765    20.6631     4.8907  0.000e+00
      3.037    23.3079    30.7957     97.939      9.182     0.5368     1.6670  1020.6745    20.6612     4.8949  0.000e+00
      3.002    23.3086    30.7901     97.905      9.183     0.5109     1.6411  1020.6699    20.6568     4.8933  0.000e+00
      2.984    23.3084    30.7891     97.899      9.183     0.5154     1.6388  1020.6691    20.6561     4.8931  0.000e+00
      2.981    23.3076    30.7910     97.809      9.183     0.5292     1.6449  1020.6708    20.6577     4.8886  0.000e+00
      3.013    23.3065    30.7927     97.740      9.184     0.5215     1.6403  1020.6725    20.6593     4.8852  0.000e+00
      3.056    23.3059    30.7910     97.668      9.183     0.3766     1.6861  1020.6716    20.6582     4.8816  0.000e+00
      3.125    23.3054    30.7921     97.432      9.183     0.3934     1.6937  1020.6728    20.6591     4.8699  0.000e+00
      3.210    23.3049    30.7956     97.439      9.184     0.3964     1.6945  1020.6761    20.6620     4.8702  0.000e+00
      3.292    23.3049    30.7996     97.495      9.182     0.3873     1.6930  1020.6794    20.6650     4.8729  0.000e+00
      3.372    23.3053    30.7958     97.639      9.182     0.4407     1.6731  1020.6768    20.6620     4.8801  0.000e+00
      3.435    23.3054    30.7987     97.807      9.182     0.4422     1.6693  1020.6792    20.6642     4.8884  0.000e+00
      3.474    23.3057    30.7985     97.915      9.182     0.4483     1.6678  1020.6791    20.6639     4.8938  0.000e+00
      3.505    23.3062    30.8002     97.941      9.182     0.4422     1.6708  1020.6804    20.6651     4.8950  0.000e+00
      3.521    23.3064    30.8012     97.836      9.182     0.4376     1.6762  1020.6812    20.6658     4.8897  0.000e+00
      3.525    23.3065    30.8019     97.934      9.180     0.4330     1.6335  1020.6817    20.6662     4.8946  0.000e+00
      3.519    23.3073    30.8061     97.834      9.183     0.4361     1.6411  1020.6846    20.6692     4.8894  0.000e+00
      3.509    23.3077    30.8080     97.756      9.183     0.4376     1.6365  1020.6859    20.6705     4.8854  0.000e+00
      3.494    23.3084    30.8066     97.715      9.180     0.4437     1.6373  1020.6846    20.6693     4.8833  0.000e+00
      3.478    23.3085    30.8067     97.548      9.180     0.4727     1.6502  1020.6846    20.6694     4.8750  0.000e+00
      3.462    23.3088    30.8084     97.392      9.182     0.4620     1.6502  1020.6857    20.6705     4.8671  0.000e+00
      3.458    23.3088    30.8098     97.280      9.183     0.4697     1.6464  1020.6867    20.6716     4.8615  0.000e+00
      3.456    23.3093    30.8097     97.299      9.181     0.4681     1.6457  1020.6865    20.6714     4.8624  0.000e+00
      3.451    23.3095    30.8119     97.344      9.180     0.4163     1.6655  1020.6881    20.6730     4.8646  0.000e+00
      3.438    23.3095    30.8130     97.407      9.180     0.4163     1.6571  1020.6889    20.6738     4.8677  0.000e+00
      3.411    23.3098    30.8144     97.508      9.181     0.4117     1.6571  1020.6897    20.6748     4.8727  0.000e+00
      3.379    23.3098    30.8186     97.495      9.181     0.4178     1.6632  1020.6928    20.6780     4.8719  0.000e+00
      3.346    23.3097    30.8194     97.595      9.178     0.4437     1.6258  1020.6933    20.6786     4.8769  0.000e+00
      3.310    23.3095    30.8119     97.682      9.181     0.4407     1.6243  1020.6875    20.6730     4.8814  0.000e+00
      3.274    23.3087    30.8032     97.681      9.183     0.4468     1.6243  1020.6810    20.6666     4.8817  0.000e+00
      3.240    23.3071    30.7961     97.796      9.182     0.4407     1.6312  1020.6759    20.6617     4.8878  0.000e+00
      3.208    23.3052    30.7873     97.754      9.180     0.4452     1.6235  1020.6697    20.6556     4.8861  0.000e+00
      3.181    23.3028    30.7808     97.680      9.183     0.4224     1.6518  1020.6653    20.6514     4.8828  0.000e+00
      3.163    23.3006    30.7820     97.576      9.182     0.4193     1.6533  1020.6667    20.6529     4.8778  0.000e+00
      3.143    23.2990    30.7877     97.564      9.183     0.4163     1.6487  1020.6715    20.6577     4.8771  0.000e+00
      3.125    23.2986    30.7905     97.521      9.183     0.4208     1.6487  1020.6736    20.6599     4.8749  0.000e+00
      3.123    23.2989    30.7896     97.405      9.182     0.4483     1.6281  1020.6728    20.6591     4.8691  0.000e+00
      3.139    23.2992    30.7963     97.433      9.182     0.4422     1.6243  1020.6779    20.6641     4.8703  0.000e+00
      3.179    23.3000    30.7993     97.467      9.182     0.4452     1.6304  1020.6800    20.6661     4.8719  0.000e+00
      3.240    23.3005    30.8020     97.582      9.181     0.4391     1.6274  1020.6822    20.6681     4.8775  0.000e+00
      3.310    23.3014    30.8252     97.561      9.178     0.4132     1.6701  1020.6999    20.6854     4.8757  0.000e+00
      3.401    23.3033    30.8331     97.608      9.182     0.4224     1.6739  1020.7057    20.6908     4.8777  0.000e+00
      3.476    23.3057    30.8273     97.657      9.181     0.4224     1.6716  1020.7009    20.6857     4.8801  0.000e+00
      3.545    23.3073    30.8231     97.708      9.181     0.4163     1.6731  1020.6976    20.6820     4.8826  0.000e+00
      3.602    23.3082    30.8223     97.800      9.181     0.4163     1.6541  1020.6970    20.6812     4.8872  0.000e+00
      3.624    23.3087    30.8229     97.718      9.182     0.4147     1.6571  1020.6974    20.6815     4.8830  0.000e+00
      3.628    23.3090    30.8231     97.642      9.181     0.4102     1.6441  1020.6975    20.6816     4.8792  0.000e+00
      3.617    23.3090    30.8210     97.528      9.180     0.4193     1.6525  1020.6959    20.6800     4.8736  0.000e+00
      3.584    23.3092    30.8151     97.414      9.182     0.4163     1.6464  1020.6911    20.6755     4.8680  0.000e+00
      3.554    23.3089    30.8022     97.341      9.180     0.4269     1.6617  1020.6814    20.6658     4.8648  0.000e+00
      3.516    23.3076    30.8027     97.255      9.179     0.4224     1.6647  1020.6819    20.6665     4.8605  0.000e+00
      3.483    23.3070    30.8059     97.144      9.181     0.4163     1.6678  1020.6844    20.6692     4.8549  0.000e+00
      3.471    23.3066    30.8095     97.105      9.179     0.4132     1.6617  1020.6872    20.6720     4.8530  0.000e+00
      3.455    23.3072    30.8118     97.179      9.182     0.4407     1.6624  1020.6887    20.6736     4.8565  0.000e+00
      3.446    23.3074    30.8137     97.316      9.180     0.4361     1.6640  1020.6900    20.6750     4.8633  0.000e+00
      3.433    23.3087    30.8152     97.411      9.181     0.4346     1.6624  1020.6907    20.6757     4.8679  0.000e+00
      3.404    23.3100    30.8185     97.480      9.180     0.4437     1.6655  1020.6927    20.6778     4.8711  0.000e+00
      3.363    23.3118    30.8175     97.547      9.181     0.3873     1.6563  1020.6913    20.6766     4.8744  0.000e+00
      3.314    23.3130    30.8171     97.538      9.182     0.3934     1.6472  1020.6904    20.6759     4.8738  0.000e+00
      3.249    23.3145    30.8184     97.440      9.179     0.3964     1.6502  1020.6907    20.6765     4.8688  0.000e+00
      3.177    23.3166    30.8165     97.339      9.179     0.3995     1.6464  1020.6884    20.6745     4.8636  0.000e+00
      3.098    23.3185    30.8210     97.197      9.181     0.4193     1.6457  1020.6908    20.6773     4.8562  0.000e+00
      3.008    23.3217    30.8207     97.123      9.178     0.4193     1.6541  1020.6893    20.6761     4.8523  0.000e+00
      2.952    23.3248    30.8181     97.157      9.181     0.4224     1.6525  1020.6862    20.6733     4.8538  0.000e+00
      2.916    23.3266    30.8135     97.297      9.180     0.4147     1.6472  1020.6821    20.6693     4.8607  0.000e+00
      2.921    23.3267    30.8114     97.445      9.181     0.4498     1.7700  1020.6805    20.6677     4.8682  0.000e+00
      2.977    23.3254    30.8121     97.550      9.179     0.4422     1.7647  1020.6816    20.6686     4.8735  0.000e+00
      3.045    23.3244    30.8146     97.572      9.183     0.4422     1.7670  1020.6841    20.6708     4.8746  0.000e+00
      3.155    23.3243    30.8193     97.491      9.180     0.4407     1.7647  1020.6881    20.6743     4.8704  0.000e+00
      3.278    23.3259    30.8213     97.417      9.182     0.4437     1.7700  1020.6898    20.6754     4.8666  0.000e+00
      3.420    23.3288    30.8130     97.307      9.182     0.4422     1.7883  1020.6833    20.6683     4.8611  0.000e+00
      3.561    23.3296    30.8085     97.211      9.180     0.4452     1.7944  1020.6802    20.6646     4.8563  0.000e+00
      3.687    23.3289    30.8145     97.242      9.181     0.4422     1.7944  1020.6856    20.6694     4.8577  0.000e+00
      3.774    23.3292    30.8150     97.369      9.180     0.4529     1.7944  1020.6862    20.6697     4.8640  0.000e+00
      3.806    23.3300    30.8154     97.590      9.179     0.4620     2.0233  1020.6864    20.6698     4.8750  0.000e+00
      3.799    23.3307    30.8156     97.633      9.180     0.4773     2.0203  1020.6864    20.6697     4.8771  0.000e+00
      3.766    23.3314    30.8156     97.558      9.180     0.4605     2.0233  1020.6860    20.6695     4.8733  0.000e+00
      3.727    23.3318    30.8099     97.566      9.179     0.4697     2.0249  1020.6814    20.6651     4.8738  0.000e+00
      3.691    23.3311    30.8079     97.559      9.177     0.4880     1.8776  1020.6800    20.6638     4.8736  0.000e+00
      3.656    23.3299    30.8055     97.648      9.178     0.4956     1.8738  1020.6784    20.6624     4.8782  0.000e+00
      3.619    23.3281    30.8077     97.547      9.179     0.4895     1.8723  1020.6804    20.6645     4.8732  0.000e+00
      3.588    23.3268    30.8056     97.386      9.178     0.4956     1.8768  1020.6790    20.6633     4.8654  0.000e+00
      3.550    23.3260    30.8045     97.185      9.181     0.4361     1.8616  1020.6782    20.6627     4.8554  0.000e+00
      3.512    23.3243    30.8011     97.111      9.181     0.4529     1.8677  1020.6760    20.6606     4.8519  0.000e+00
      3.471    23.3223    30.7909     97.105      9.178     0.4498     1.8662  1020.6686    20.6534     4.8521  0.000e+00
      3.422    23.3188    30.7870     97.099      9.180     0.4407     1.8639  1020.6665    20.6515     4.8523  0.000e+00
      3.361    23.3157    30.7834     97.181      9.181     0.4407     1.8623  1020.6644    20.6497     4.8567  0.000e+00
      3.303    23.3123    30.7833     97.313      9.179     0.4452     1.7525  1020.6650    20.6505     4.8636  0.000e+00
      3.244    23.3098    30.7790     97.320      9.180     0.4346     1.7494  1020.6622    20.6480     4.8643  0.000e+00
      3.179    23.3072    30.7796     97.336      9.181     0.4483     1.7517  1020.6631    20.6492     4.8653  0.000e+00
      3.127    23.3050    30.7923     97.509      9.178     0.4529     1.7563  1020.6732    20.6595     4.8738  0.000e+00
      3.098    23.3053    30.7903     97.662      9.180     0.4605     1.7220  1020.6714    20.6579     4.8815  0.000e+00
      3.105    23.3060    30.7909     97.926      9.181     0.4651     1.7166  1020.6717    20.6581     4.8946  0.000e+00
      3.148    23.3065    30.7906     98.019      9.180     0.4727     1.7189  1020.6715    20.6577     4.8992  0.000e+00
      3.209    23.3070    30.7908     97.958      9.178     0.4681     1.7212  1020.6718    20.6578     4.8961  0.000e+00
      3.285    23.3071    30.7929     98.034      9.180     0.4208     1.7883  1020.6737    20.6593     4.8998  0.000e+00
      3.359    23.3075    30.7942     98.092      9.181     0.4300     1.7921  1020.6749    20.6602     4.9026  0.000e+00
      3.426    23.3085    30.7961     98.041      9.179     0.4208     1.7876  1020.6763    20.6613     4.8999  0.000e+00
      3.464    23.3094    30.7964     97.962      9.180     0.4132     1.7914  1020.6764    20.6613     4.8959  0.000e+00
      3.462    23.3100    30.7957     97.834      9.181     0.4391     1.7815  1020.6757    20.6606     4.8895  0.000e+00
      3.447    23.3104    30.8001     97.711      9.181     0.4330     1.7731  1020.6789    20.6638     4.8832  0.000e+00
      3.435    23.3104    30.8054     97.677      9.180     0.4376     1.7761  1020.6828    20.6678     4.8813  0.000e+00
      3.424    23.3107    30.8129     97.761      9.179     0.4452     1.7746  1020.6884    20.6734     4.8853  0.000e+00
      3.415    23.3109    30.8143     97.787      9.178     0.4437     1.7777  1020.6894    20.6744     4.8865  0.000e+00
      3.419    23.3107    30.8152     97.886      9.181     0.4391     1.7159  1020.6901    20.6751     4.8914  0.000e+00
      3.422    23.3108    30.8149     97.911      9.180     0.4468     1.7159  1020.6898    20.6749     4.8927  0.000e+00
      3.438    23.3109    30.8190     97.915      9.178     0.4452     1.7181  1020.6930    20.6780     4.8928  0.000e+00
      3.464    23.3109    30.8253     97.834      9.181     0.4300     1.7181  1020.6979    20.6827     4.8885  0.000e+00
      3.494    23.3103    30.8271     97.775      9.180     0.4147     1.7609  1020.6995    20.6842     4.8856  0.000e+00
      3.518    23.3102    30.8227     97.637      9.180     0.4102     1.7693  1020.6963    20.6810     4.8789  0.000e+00
      3.523    23.3098    30.8230     97.447      9.182     0.4132     1.7632  1020.6967    20.6813     4.8694  0.000e+00
      3.518    23.3098    30.8249     97.320      9.179     0.4208     1.7700  1020.6981    20.6827     4.8630  0.000e+00
      3.492    23.3096    30.8271     97.309      9.181     0.4483     1.6716  1020.6997    20.6844     4.8624  0.000e+00
      3.465    23.3094    30.8279     97.387      9.178     0.4437     1.6731  1020.7003    20.6851     4.8663  0.000e+00
      3.437    23.3090    30.8236     97.319      9.180     0.4437     1.6716  1020.6970    20.6820     4.8631  0.000e+00
      3.422    23.3086    30.8258     97.245      9.180     0.4422     1.6724  1020.6987    20.6837     4.8593  0.000e+00
      3.420    23.3086    30.8258     97.221      9.180     0.3934     1.6533  1020.6987    20.6837     4.8581  0.000e+00
      3.426    23.3085    30.8268     97.187      9.180     0.3995     1.6472  1020.6995    20.6845     4.8564  0.000e+00
      3.449    23.3085    30.8247     97.152      9.178     0.3918     1.6449  1020.6980    20.6829     4.8547  0.000e+00
