data/CTD/원시자료/20220816-0817_현장조사/20220816-0817_CTD/St.5.cnv
* Sea-Bird SBE 19plus V2 Data File:
* FileName = D:\CTD\DATA\20220816-20220818_MABIC\St.5.hex
* Software Version Seasave V 7.26.7.121
* Temperature SN = 7832
* Conductivity SN = 7832
* System UpLoad Time = Aug 17 2022 18:27:15
** Ship:
** Station:
** Operator:
# nquan = 11
# nvalues = 2098                                  
# units = specified
# name 0 = depSM: Depth [salt water, m], lat = 0.00
# name 1 = tv290C: Temperature [ITS-90, deg C]
# name 2 = sal00: Salinity, Practical [PSU]
# name 3 = sbeox0PS: Oxygen, SBE 43 [% saturation]
# name 4 = ph: pH
# name 5 = turbWETntu0: Turbidity, WET Labs ECO [NTU]
# name 6 = flECO-AFL: Fluorescence, WET Labs ECO-AFL/FL [mg/m^3]
# name 7 = density00: Density [density, kg/m^3]
# name 8 = sigma-t00: Density [sigma-t, kg/m^3 ]
# name 9 = sbeox0ML/L: Oxygen, SBE 43 [ml/l]
# name 10 = flag:  0.000e+00
# span 0 =     -0.060,     83.385                 
# span 1 =    16.4503,    23.5982                 
# span 2 =     2.6920,    34.4157                 
# span 3 =     60.283,    120.431                 
# span 4 =      8.953,      9.185                 
# span 5 =     0.0027,    53.2659                 
# span 6 =    -0.2556,     2.4620                 
# span 7 =   999.4309,  1025.5495                 
# span 8 =    -0.5688,    25.1872                 
# span 9 =     3.3326,     6.0160                 
# span 10 = 0.0000e+00, 0.0000e+00                
# interval = seconds: 0.25
# start_time = Aug 17 2022 09:27:15 [System UTC, header]
# bad_flag = -9.990e-29
*END*
[from data line 1968]
      2.902    23.2346    30.6904     98.970      9.162     0.3705     1.5686  1020.6151    20.6024     4.9558  0.000e+00
      2.843    23.2342    30.6886     99.022      9.164     0.3674     1.5633  1020.6136    20.6012     4.9585  0.000e+00
      2.787    23.2339    30.6887     99.017      9.163     0.3674     1.5602  1020.6135    20.6013     4.9583  0.000e+00
      2.744    23.2332    30.6983     99.211      9.163     0.3903     1.5640  1020.6208    20.6088     4.9678  0.000e+00
      2.733    23.2336    30.6976     99.276      9.164     0.3995     1.5656  1020.6201    20.6081     4.9711  0.000e+00
      2.740    23.2345    30.6977     99.561      9.166     0.3934     1.5648  1020.6200    20.6080     4.9852  0.000e+00
      2.778    23.2356    30.7020     99.636      9.166     0.3842     1.5686  1020.6230    20.6109     4.9888  0.000e+00
      2.825    23.2374    30.6970     99.716      9.165     0.4163     1.6014  1020.6189    20.6066     4.9927  0.000e+00
      2.875    23.2382    30.6946     99.681      9.164     0.4193     1.5938  1020.6172    20.6046     4.9910  0.000e+00
      2.928    23.2384    30.6995     99.452      9.165     0.4132     1.5999  1020.6210    20.6082     4.9794  0.000e+00
      2.969    23.2381    30.7062     99.534      9.163     0.4163     1.6022  1020.6264    20.6134     4.9833  0.000e+00
      3.014    23.2394    30.7155     99.555      9.163     0.4132     1.5961  1020.6332    20.6200     4.9840  0.000e+00
      3.057    23.2421    30.7240     99.421      9.164     0.4071     1.6586  1020.6391    20.6257     4.9768  0.000e+00
      3.102    23.2466    30.7266     99.429      9.165     0.4163     1.6670  1020.6400    20.6264     4.9767  0.000e+00
      3.146    23.2514    30.7274     99.509      9.164     0.4056     1.6586  1020.6394    20.6256     4.9803  0.000e+00
      3.183    23.2558    30.7424     99.463      9.163     0.4132     1.6594  1020.6496    20.6357     4.9772  0.000e+00
      3.209    23.2604    30.7355     99.573      9.166     0.4025     1.6380  1020.6432    20.6292     4.9825  0.000e+00
      3.207    23.2629    30.7326     99.575      9.165     0.3918     1.6357  1020.6403    20.6263     4.9824  0.000e+00
      3.160    23.2647    30.7323     99.522      9.164     0.3934     1.6342  1020.6393    20.6255     4.9796  0.000e+00
      3.059    23.2654    30.7394     99.251      9.164     0.4025     1.6373  1020.6441    20.6307     4.9658  0.000e+00
      2.929    23.2668    30.7344     98.957      9.164     0.3979     1.6136  1020.6394    20.6265     4.9511  0.000e+00
      2.769    23.2668    30.6946     99.042      9.162     0.3949     1.6129  1020.6086    20.5965     4.9565  0.000e+00
      2.607    23.2611    30.6785     98.777      9.166     0.3934     1.6129  1020.5973    20.5859     4.9442  0.000e+00
      2.443    23.2530    30.7216     98.776      9.167     0.3979     1.6190  1020.6315    20.6208     4.9436  0.000e+00
      2.300    23.2510    30.6873     98.758      9.165     0.4330     1.5633  1020.6055    20.5954     4.9439  0.000e+00
      2.167    23.2478    30.6424     98.758      9.167     0.4498     1.5678  1020.5719    20.5624     4.9454  0.000e+00
      2.052    23.2385    30.6348     98.954      9.164     0.4361     1.5625  1020.5683    20.5593     4.9563  0.000e+00
      1.969    23.2275    30.6575     98.950      9.164     0.4361     1.5678  1020.5881    20.5795     4.9564  0.000e+00
      1.925    23.2221    30.7056     98.992      9.166     0.3873     1.6586  1020.6259    20.6175     4.9576  0.000e+00
      1.913    23.2257    30.7246     99.214      9.166     0.4056     1.6571  1020.6392    20.6308     4.9679  0.000e+00
      1.940    23.2328    30.7215     99.506      9.167     0.3949     1.6624  1020.6349    20.6264     4.9819  0.000e+00
      2.001    23.2380    30.7161     99.663      9.166     0.3888     1.6624  1020.6296    20.6209     4.9895  0.000e+00
      2.088    23.2403    30.7151     99.853      9.169     0.3934     1.6571  1020.6286    20.6195     4.9988  0.000e+00
      2.207    23.2420    30.7238     99.876      9.167     0.4102     1.5785  1020.6353    20.6256     4.9996  0.000e+00
      2.340    23.2443    30.7150     99.805      9.168     0.4147     1.5762  1020.6285    20.6182     4.9961  0.000e+00
      2.477    23.2457    30.7216     99.691      9.167     0.4208     1.5816  1020.6337    20.6228     4.9901  0.000e+00
      2.599    23.2474    30.7169     99.474      9.168     0.4102     1.5793  1020.6302    20.6188     4.9792  0.000e+00
      2.679    23.2481    30.7180     99.277      9.168     0.3903     1.5526  1020.6312    20.6195     4.9692  0.000e+00
      2.686    23.2477    30.7093     99.312      9.167     0.3873     1.5526  1020.6247    20.6130     4.9713  0.000e+00
      2.634    23.2455    30.7168     99.359      9.166     0.3873     1.5533  1020.6308    20.6193     4.9736  0.000e+00
      2.549    23.2453    30.7237     99.360      9.167     0.3918     1.5556  1020.6357    20.6245     4.9735  0.000e+00
      2.450    23.2466    30.7293     99.146      9.167     0.3796     1.5785  1020.6392    20.6285     4.9625  0.000e+00
      2.340    23.2491    30.7343     99.150      9.166     0.3705     1.5717  1020.6417    20.6315     4.9623  0.000e+00
      2.219    23.2521    30.7335     99.123      9.166     0.3598     1.5747  1020.6397    20.6300     4.9608  0.000e+00
      2.113    23.2551    30.7277     99.199      9.164     0.3705     1.5778  1020.6341    20.6248     4.9644  0.000e+00
      2.037    23.2563    30.7236     99.144      9.167     0.3934     1.5862  1020.6303    20.6214     4.9617  0.000e+00
      2.012    23.2565    30.7193     99.152      9.166     0.3934     1.5907  1020.6269    20.6181     4.9622  0.000e+00
      2.032    23.2554    30.7211     99.166      9.166     0.3949     1.5915  1020.6286    20.6197     4.9630  0.000e+00
      2.104    23.2542    30.7309     98.954      9.168     0.3964     1.5938  1020.6367    20.6275     4.9522  0.000e+00
      2.205    23.2552    30.7181     99.008      9.165     0.3995     1.5884  1020.6272    20.6175     4.9551  0.000e+00
      2.327    23.2554    30.7099     99.165      9.166     0.3720     1.6251  1020.6214    20.6112     4.9632  0.000e+00
      2.468    23.2534    30.6948     99.151      9.168     0.3735     1.6274  1020.6111    20.6003     4.9631  0.000e+00
      2.599    23.2496    30.6927     99.188      9.167     0.3659     1.6258  1020.6113    20.5999     4.9654  0.000e+00
      2.697    23.2460    30.6842     98.918      9.166     0.3735     1.6212  1020.6063    20.5944     4.9524  0.000e+00
      2.729    23.2419    30.6965     98.916      9.167     0.4071     1.5900  1020.6169    20.6049     4.9523  0.000e+00
      2.691    23.2392    30.7122     99.193      9.167     0.4086     1.5923  1020.6294    20.6176     4.9660  0.000e+00
      2.621    23.2398    30.7088     99.555      9.166     0.4193     1.5892  1020.6263    20.6149     4.9841  0.000e+00
      2.538    23.2412    30.7099     99.515      9.167     0.4132     1.5915  1020.6264    20.6153     4.9820  0.000e+00
      2.446    23.2424    30.7055     99.556      9.165     0.3674     1.5747  1020.6223    20.6116     4.9841  0.000e+00
      2.351    23.2428    30.7084     99.698      9.166     0.3613     1.5709  1020.6240    20.6137     4.9910  0.000e+00
      2.237    23.2427    30.7027     99.697      9.167     0.3690     1.5793  1020.6192    20.6094     4.9912  0.000e+00
      2.118    23.2427    30.7035     99.720      9.167     0.3629     1.5739  1020.6193    20.6100     4.9923  0.000e+00
      2.003    23.2427    30.7098     99.579      9.167     0.3903     1.5854  1020.6235    20.6148     4.9851  0.000e+00
      1.905    23.2437    30.7135     99.414      9.170     0.3918     1.5846  1020.6256    20.6173     4.9766  0.000e+00
      1.844    23.2455    30.7108     99.401      9.170     0.3857     1.5877  1020.6228    20.6147     4.9758  0.000e+00
      1.824    23.2468    30.7010     99.381      9.170     0.3827     1.5892  1020.6149    20.6069     4.9750  0.000e+00
      1.840    23.2455    30.6948     99.219      9.169     0.3903     1.5877  1020.6107    20.6027     4.9672  0.000e+00
      1.889    23.2428    30.6887     99.309      9.167     0.3903     1.6815  1020.6071    20.5988     4.9721  0.000e+00
      1.968    23.2395    30.6847     99.391      9.169     0.3918     1.6731  1020.6053    20.5967     4.9767  0.000e+00
      2.080    23.2363    30.6899     99.297      9.168     0.3995     1.6830  1020.6106    20.6015     4.9721  0.000e+00
      2.215    23.2348    30.6928     99.375      9.172     0.3873     1.6808  1020.6139    20.6042     4.9760  0.000e+00
      2.363    23.2345    30.6661     99.393      9.170     0.4178     1.5511  1020.5944    20.5841     4.9777  0.000e+00
      2.498    23.2317    30.7075     99.433      9.169     0.4178     1.5518  1020.6271    20.6162     4.9788  0.000e+00
      2.626    23.2339    30.7138     99.501      9.169     0.4208     1.5541  1020.6318    20.6203     4.9818  0.000e+00
      2.723    23.2389    30.6953     99.499      9.169     0.4224     1.5533  1020.6168    20.6049     4.9818  0.000e+00
      2.783    23.2415    30.6884     99.131      9.169     0.3964     1.5625  1020.6111    20.5989     4.9634  0.000e+00
      2.794    23.2419    30.6865     99.092      9.171     0.3888     1.5663  1020.6096    20.5974     4.9614  0.000e+00
      2.758    23.2409    30.6909     99.131      9.169     0.3979     1.5678  1020.6130    20.6010     4.9634  0.000e+00
      2.698    23.2396    30.6854     99.111      9.169     0.3873     1.5656  1020.6090    20.5972     4.9626  0.000e+00
      2.603    23.2379    30.6817     99.203      9.171     0.4193     1.5930  1020.6063    20.5949     4.9675  0.000e+00
      2.464    23.2364    30.6920     99.461      9.170     0.4224     1.5900  1020.6139    20.6031     4.9802  0.000e+00
      2.287    23.2362    30.7008     99.549      9.170     0.4208     1.5862  1020.6198    20.6098     4.9844  0.000e+00
      2.082    23.2379    30.7087     99.584      9.171     0.4193     1.5892  1020.6244    20.6153     4.9857  0.000e+00
      1.869    23.2402    30.7002     99.556      9.169     0.3903     1.5656  1020.6164    20.6082     4.9844  0.000e+00
      1.675    23.2412    30.7081     99.568      9.171     0.4010     1.5465  1020.6212    20.6139     4.9847  0.000e+00
      1.521    23.2426    30.7047     99.427      9.172     0.3827     1.5556  1020.6176    20.6109     4.9776  0.000e+00
      1.397    23.2437    30.6921     99.553      9.170     0.3873     1.5541  1020.6072    20.6011     4.9842  0.000e+00
      1.309    23.2427    30.6797     99.460      9.169     0.3903     1.5518  1020.5977    20.5920     4.9800  0.000e+00
      1.242    23.2392    30.6840     99.489      9.169     0.3690     1.6151  1020.6017    20.5963     4.9816  0.000e+00
      1.175    23.2365    30.6838     99.564      9.169     0.3567     1.6090  1020.6020    20.5969     4.9856  0.000e+00
      1.076    23.2346    30.6766     99.530      9.171     0.3735     1.6159  1020.5967    20.5920     4.9843  0.000e+00
      0.923    23.2324    30.6786     99.505      9.169     0.3659     1.6090  1020.5982    20.5941     4.9832  0.000e+00
      0.746    23.2307    30.6596     99.460      9.171     0.3964     1.6014  1020.5835    20.5802     4.9816  0.000e+00
      0.593    23.2267    30.6527     99.455      9.170     0.3995     1.6045  1020.5787    20.5761     4.9819  0.000e+00
      0.458    23.2213    30.6500     99.457      9.171     0.3918     1.6014  1020.5777    20.5757     4.9826  0.000e+00
      0.315    23.2158    30.6573     99.414      9.171     0.3857     1.6029  1020.5841    20.5827     4.9807  0.000e+00
      0.171    23.2126    30.6672     99.426      9.171     0.7245     1.5862  1020.5918    20.5911     4.9813  0.000e+00
      0.078    23.2116    30.6684     99.448      9.171     0.7428     1.5884  1020.5926    20.5923     4.9824  0.000e+00
      0.029    23.2109    30.6640     99.489      9.171     0.7352     1.5854  1020.5893    20.5892     4.9846  0.000e+00
     -0.022    23.2103    24.6317     99.431      9.171     0.7321     1.5923  1016.0333    16.0334     5.1584  0.000e+00
     -0.040    23.2100     5.2123     99.340      9.172     7.3652     0.5829  1001.4241     1.4243     5.7638  0.000e+00
     -0.041    23.2097     3.5009     99.442      9.172     7.3713     0.5844  1000.1356     0.1358     5.8268  0.000e+00
     -0.043    23.2085     4.8003     99.588      9.172     7.3713     0.5775  1001.1144     1.1146     5.7920  0.000e+00
     -0.038    23.2076     4.1604     99.105      9.171     7.3683     0.5821  1000.6329     0.6330     5.7853  0.000e+00
     -0.041    23.2069     3.8029     97.494      9.173     0.1355    -0.0122  1000.3638     0.3639     5.7030  0.000e+00
     -0.047    23.2062     3.7970     95.285      9.174     0.1324    -0.0160  1000.3595     0.3597     5.5740  0.000e+00
     -0.045    23.2054     3.9828     92.847      9.171     0.1340    -0.0084  1000.4996     0.4998     5.4257  0.000e+00
     -0.043    23.2047     3.6642     90.237      9.171     0.1279    -0.0199  1000.2598     0.2600     5.2830  0.000e+00
     -0.043    23.2035     3.5994     88.191      9.173     0.1233    -0.0160  1000.2112     0.2114     5.1652  0.000e+00
     -0.042    23.2024     3.1570     87.693      9.172     0.1401    -0.0305   999.8781    -0.1217     5.1492  0.000e+00
     -0.042    23.2012     3.3856     88.826      9.173     0.1416    -0.0305  1000.0507     0.0509     5.2090  0.000e+00
     -0.051    23.1997     4.0061     90.278      9.174     0.1385    -0.0260  1000.5185     0.5188     5.2754  0.000e+00
     -0.045    23.1983     5.3456     91.185      9.171     0.1340    -0.0313  1001.5272     1.5274     5.2877  0.000e+00
     -0.045    23.1969     3.1849     92.376      9.172     0.2484     0.0076   999.9005    -0.0993     5.4239  0.000e+00
     -0.043    23.1951     3.0568     94.126      9.173     0.2530     0.0068   999.8044    -0.1954     5.5309  0.000e+00
     -0.047    23.1933    11.3755     95.474      9.173     0.2621     0.0076  1006.0617     6.0619     5.3481  0.000e+00
     -0.042    23.1912    16.1162     96.209      9.171     0.2560     0.0076  1009.6260     9.6262     5.2443  0.000e+00
     -0.045    23.1890     6.5185     96.827      9.172     0.1004    -0.0168  1002.4118     2.4120     5.5781  0.000e+00
     -0.049    23.1864     9.8204     97.384      9.173     0.1019    -0.0138  1004.8947     4.8949     5.5048  0.000e+00
     -0.049    23.1837    17.7096     97.282      9.172     0.1096    -0.0176  1010.8265    10.8268     5.2550  0.000e+00
     -0.045    23.1810    16.9359     97.082      9.173     0.1126    -0.0168  1010.2452    10.2454     5.2679  0.000e+00
     -0.042    23.1779     7.7497     97.124      9.175     0.0607    -0.0008  1003.3404     3.3406     5.5568  0.000e+00
     -0.045    23.1747    17.3443     96.621      9.175     0.0638    -0.0008  1010.5541    10.5543     5.2311  0.000e+00
     -0.043    23.1714    16.5769     95.229      9.175     0.0546    -0.0092  1009.9777     9.9779     5.1790  0.000e+00
     -0.042    23.1683    15.9220     94.081      9.174     0.0531    -0.0038  1009.4860     9.4861     5.1361  0.000e+00
     -0.049    23.1649    16.3784     93.476      9.173     0.1370     0.0183  1009.8301     9.8303     5.0900  0.000e+00
     -0.047    23.1617    18.4963     92.503      9.171     0.1309     0.0221  1011.4243    11.4245     4.9762  0.000e+00
     -0.045    23.1589    19.5484     91.624      9.173     0.1324     0.0191  1012.2170    12.2172     4.8994  0.000e+00
     -0.049    23.1551    20.2211     91.404      9.173     0.1340     0.0213  1012.7244    12.7247     4.8690  0.000e+00
     -0.049    23.1502    30.5999     91.814      9.173     0.1736    -0.0511  1020.5577    20.5579     4.6068  0.000e+00
