data/CTD/원시자료/20220816-0817_현장조사/20220816-0817_CTD/St.5.cnv
* Sea-Bird SBE 19plus V2 Data File:
* FileName = D:\CTD\DATA\20220816-20220818_MABIC\St.5.hex
* Software Version Seasave V 7.26.7.121
* Temperature SN = 7832
* Conductivity SN = 7832
* System UpLoad Time = Aug 17 2022 18:27:15
** Ship:
** Station:
** Operator:
# nquan = 11
# nvalues = 2098                                  
# units = specified
# name 0 = depSM: Depth [salt water, m], lat = 0.00
# name 1 = tv290C: Temperature [ITS-90, deg C]
# name 2 = sal00: Salinity, Practical [PSU]
# name 3 = sbeox0PS: Oxygen, SBE 43 [% saturation]
# name 4 = ph: pH
# name 5 = turbWETntu0: Turbidity, WET Labs ECO [NTU]
# name 6 = flECO-AFL: Fluorescence, WET Labs ECO-AFL/FL [mg/m^3]
# name 7 = density00: Density [density, kg/m^3]
# name 8 = sigma-t00: Density [sigma-t, kg/m^3 ]
# name 9 = sbeox0ML/L: Oxygen, SBE 43 [ml/l]
# name 10 = flag:  0.000e+00
# span 0 =     -0.060,     83.385                 
# span 1 =    16.4503,    23.5982                 
# span 2 =     2.6920,    34.4157                 
# span 3 =     60.283,    120.431                 
# span 4 =      8.953,      9.185                 
# span 5 =     0.0027,    53.2659                 
# span 6 =    -0.2556,     2.4620                 
# span 7 =   999.4309,  1025.5495                 
# span 8 =    -0.5688,    25.1872                 
# span 9 =     3.3326,     6.0160                 
# span 10 = 0.0000e+00, 0.0000e+00                
# interval = seconds: 0.25
# start_time = Aug 17 2022 09:27:15 [System UTC, header]
# bad_flag = -9.990e-29
*END*
[from data line 656]
     23.261    16.9664    32.8039     73.631      9.093     0.2850     0.1541  1023.9406    23.8372     4.0874  0.000e+00
     23.406    16.9468    32.8224     73.439      9.091     0.2881     0.1541  1023.9601    23.8560     4.0779  0.000e+00
     23.532    16.9345    32.8344     73.214      9.092     0.2927     0.1549  1023.9727    23.8681     4.0660  0.000e+00
     23.634    16.9285    32.8329     73.143      9.093     0.2835     0.1510  1023.9734    23.8683     4.0626  0.000e+00
     23.707    16.9216    32.8328     72.963      9.091     0.2972     0.1755  1023.9753    23.8699     4.0532  0.000e+00
     23.761    16.9114    32.8393     72.907      9.091     0.2866     0.1755  1023.9828    23.8772     4.0507  0.000e+00
     23.804    16.8992    32.8490     72.932      9.093     0.2896     0.1709  1023.9934    23.8875     4.0528  0.000e+00
     23.853    16.8893    32.8515     72.936      9.093     0.2835     0.1747  1023.9978    23.8918     4.0537  0.000e+00
     23.912    16.8766    32.8601     72.970      9.093     0.2713     0.1701  1024.0076    23.9013     4.0564  0.000e+00
     23.995    16.8574    32.8710     73.054      9.091     0.3140     0.1610  1024.0209    23.9142     4.0623  0.000e+00
     24.085    16.8317    32.8980     73.064      9.091     0.3155     0.1602  1024.0479    23.9408     4.0642  0.000e+00
     24.177    16.8199    32.9122     73.006      9.093     0.3262     0.1625  1024.0620    23.9544     4.0616  0.000e+00
     24.278    16.8113    32.9228     73.015      9.092     0.3247     0.1610  1024.0726    23.9646     4.0625  0.000e+00
     24.390    16.7982    32.9380     72.966      9.092     0.3110     0.1503  1024.0878    23.9793     4.0604  0.000e+00
     24.501    16.7845    32.9538     72.921      9.092     0.3049     0.1510  1024.1036    23.9946     4.0586  0.000e+00
     24.618    16.7713    32.9691     72.998      9.091     0.3110     0.1556  1024.1189    24.0094     4.0636  0.000e+00
     24.728    16.7619    32.9736     72.938      9.091     0.3049     0.1465  1024.1251    24.0151     4.0609  0.000e+00
     24.831    16.7517    32.9819     72.971      9.090     0.3110     0.1709  1024.1342    24.0238     4.0633  0.000e+00
     24.921    16.7435    32.9844     72.977      9.090     0.3293     0.1724  1024.1384    24.0276     4.0642  0.000e+00
     25.008    16.7360    32.9832     73.107      9.088     0.3217     0.1747  1024.1396    24.0284     4.0721  0.000e+00
     25.083    16.7288    32.9880     73.151      9.090     0.3217     0.1747  1024.1453    24.0338     4.0750  0.000e+00
     25.159    16.7201    32.9954     73.141      9.091     0.3339     0.1663  1024.1534    24.0415     4.0749  0.000e+00
     25.231    16.7111    33.0028     73.127      9.090     0.3278     0.1579  1024.1615    24.0492     4.0747  0.000e+00
     25.296    16.7041    33.0103     73.134      9.089     0.3201     0.1579  1024.1692    24.0566     4.0754  0.000e+00
     25.357    16.7004    33.0123     72.975      9.090     0.3278     0.1632  1024.1718    24.0590     4.0668  0.000e+00
     25.417    16.6976    33.0138     73.009      9.089     0.3232     0.1381  1024.1739    24.0608     4.0689  0.000e+00
     25.467    16.6940    33.0168     72.932      9.090     0.3247     0.1396  1024.1772    24.0640     4.0648  0.000e+00
     25.518    16.6889    33.0215     72.929      9.089     0.3369     0.1457  1024.1822    24.0687     4.0649  0.000e+00
     25.565    16.6827    33.0189     72.690      9.090     0.3247     0.1388  1024.1819    24.0682     4.0521  0.000e+00
     25.610    16.6727    33.0152     72.494      9.088     0.3155     0.1396  1024.1816    24.0676     4.0421  0.000e+00
     25.671    16.6543    33.0263     72.509      9.087     0.3125     0.1533  1024.1946    24.0804     4.0441  0.000e+00
     25.741    16.6329    33.0326     72.459      9.088     0.2988     0.1533  1024.2048    24.0903     4.0428  0.000e+00
     25.828    16.6111    33.0494     72.411      9.086     0.3155     0.1495  1024.2230    24.1081     4.0414  0.000e+00
     25.909    16.5931    33.0663     72.218      9.087     0.3049     0.1556  1024.2406    24.1253     4.0317  0.000e+00
     25.986    16.5799    33.0854     72.102      9.087     0.3201     0.1381  1024.2586    24.1430     4.0258  0.000e+00
     26.058    16.5717    33.1102     71.920      9.089     0.3186     0.1411  1024.2799    24.1639     4.0157  0.000e+00
     26.123    16.5669    33.1156     71.729      9.090     0.3293     0.1396  1024.2854    24.1692     4.0052  0.000e+00
     26.195    16.5653    33.1555     71.546      9.087     0.3293     0.1381  1024.3167    24.2002     3.9942  0.000e+00
     26.286    16.5676    33.1940     71.281      9.088     0.3232     0.1343  1024.3462    24.2292     3.9782  0.000e+00
     26.381    16.5773    33.2372     71.216      9.088     0.3308     0.1320  1024.3774    24.2601     3.9728  0.000e+00
     26.477    16.5942    33.2506     71.287      9.088     0.3232     0.1266  1024.3843    24.2665     3.9751  0.000e+00
     26.578    16.6135    33.3488     71.321      9.089     0.3278     0.1343  1024.4556    24.3374     3.9732  0.000e+00
     26.684    16.6563    33.5221     71.487      9.086     0.3079     0.1434  1024.5792    24.4605     3.9750  0.000e+00
     26.803    16.7420    33.5448     71.770      9.086     0.3049     0.1411  1024.5771    24.4580     3.9835  0.000e+00
     26.933    16.8289    33.5521     72.105      9.087     0.3094     0.1449  1024.5630    24.4433     3.9952  0.000e+00
     27.075    16.9081    33.5872     72.511      9.086     0.3094     0.1442  1024.5720    24.4517     4.0107  0.000e+00
     27.216    16.9929    34.1080     72.965      9.085     0.2148     0.1617  1024.9521    24.8314     4.0166  0.000e+00
     27.367    17.1655    34.3637     73.220      9.084     0.2133     0.1610  1025.1079    24.9866     4.0110  0.000e+00
     27.515    17.3993    34.3809     73.340      9.080     0.2118     0.1625  1025.0657    24.9438     3.9992  0.000e+00
     27.663    17.6160    34.2184     73.791      9.081     0.2103     0.1625  1024.8895    24.7670     4.0111  0.000e+00
     27.803    17.7709    34.1152     73.899      9.078     0.2057     0.1594  1024.7735    24.6504     4.0077  0.000e+00
     27.931    17.8694    34.0527     73.694      9.073     0.1889     0.1770  1024.7022    24.5786     3.9906  0.000e+00
     28.046    17.9300    33.9986     72.731      9.075     0.1919     0.1709  1024.6464    24.5223     3.9352  0.000e+00
     28.144    17.9643    33.9702     71.329      9.071     0.1843     0.1724  1024.6167    24.4922     3.8575  0.000e+00
     28.221    17.9825    33.9086     69.642      9.075     0.1828     0.1777  1024.5655    24.4406     3.7664  0.000e+00
     28.282    17.9841    33.8966     67.980      9.074     0.1294     0.1724  1024.5561    24.4310     3.6766  0.000e+00
     28.331    17.9774    33.8090     66.467      9.073     0.1340     0.1747  1024.4909    24.3656     3.5971  0.000e+00
     28.369    17.9546    33.7980     65.121      9.071     0.1340     0.1793  1024.4882    24.3627     3.5260  0.000e+00
     28.410    17.9257    33.8546     64.200      9.074     0.1385     0.1747  1024.5388    24.4131     3.4769  0.000e+00
     28.448    17.9110    33.9265     63.764      9.075     0.1538     0.1602  1024.5976    24.4718     3.4528  0.000e+00
     28.493    17.9169    33.9662     63.777      9.073     0.1599     0.1632  1024.6268    24.5007     3.4523  0.000e+00
     28.546    17.9345    33.9716     64.086      9.072     0.1630     0.1571  1024.6269    24.5006     3.4677  0.000e+00
     28.611    17.9545    33.9700     64.624      9.076     0.1569     0.1602  1024.6210    24.4945     3.4955  0.000e+00
     28.688    17.9721    33.9887     64.996      9.073     0.1416     0.1755  1024.6314    24.5044     3.5141  0.000e+00
     28.784    17.9914    34.0097     65.343      9.075     0.1340     0.1777  1024.6431    24.5158     3.5311  0.000e+00
     28.895    18.0158    34.0197     65.672      9.073     0.1385     0.1724  1024.6453    24.5175     3.5470  0.000e+00
     29.020    18.0407    33.9887     65.828      9.076     0.1370     0.1694  1024.6160    24.4877     3.5544  0.000e+00
     29.153    18.0562    33.9600     65.857      9.076     0.1294     0.1961  1024.5908    24.4619     3.5556  0.000e+00
     29.297    18.0598    33.9554     65.865      9.075     0.1385     0.1953  1024.5870    24.4574     3.5559  0.000e+00
     29.438    18.0596    33.9473     65.739      9.077     0.1340     0.1938  1024.5816    24.4514     3.5492  0.000e+00
     29.587    18.0566    33.9465     65.515      9.077     0.1370     0.1953  1024.5823    24.4514     3.5374  0.000e+00
     29.733    18.0534    33.9697     65.351      9.077     0.1263     0.1983  1024.6015    24.4700     3.5282  0.000e+00
     29.870    18.0565    34.0215     65.201      9.076     0.1065     0.1877  1024.6410    24.5089     3.5188  0.000e+00
     30.006    18.0731    34.0076     65.117      9.078     0.1141     0.1907  1024.6269    24.4942     3.5135  0.000e+00
     30.132    18.0885    34.0008     65.115      9.076     0.1096     0.1808  1024.6184    24.4852     3.5125  0.000e+00
     30.251    18.0996    33.9944     65.053      9.076     0.1065     0.1854  1024.6114    24.4776     3.5086  0.000e+00
     30.352    18.1080    34.0117     65.062      9.076     0.1340     0.1877  1024.6229    24.4887     3.5081  0.000e+00
     30.458    18.1187    34.0713     65.131      9.076     0.1309     0.1854  1024.6664    24.5318     3.5099  0.000e+00
     30.557    18.1439    34.0700     65.120      9.076     0.1324     0.1831  1024.6596    24.5245     3.5076  0.000e+00
     30.649    18.1703    34.0800     65.140      9.076     0.1279     0.1892  1024.6612    24.5257     3.5067  0.000e+00
     30.741    18.1961    34.0737     65.125      9.073     0.0943     0.1777  1024.6503    24.5144     3.5044  0.000e+00
     30.838    18.2192    34.0716     65.132      9.074     0.1065     0.1694  1024.6435    24.5072     3.5033  0.000e+00
     30.932    18.2375    34.0702     65.190      9.076     0.1172     0.1808  1024.6383    24.5015     3.5052  0.000e+00
     31.029    18.2532    34.0578     65.121      9.074     0.1065     0.1762  1024.6253    24.4882     3.5007  0.000e+00
     31.123    18.2640    34.0560     65.015      9.075     0.1141     0.1617  1024.6217    24.4842     3.4943  0.000e+00
     31.211    18.2718    34.0505     64.872      9.076     0.1050     0.1602  1024.6160    24.4780     3.4862  0.000e+00
     31.298    18.2772    34.0530     64.863      9.073     0.1111     0.1610  1024.6169    24.4786     3.4854  0.000e+00
     31.382    18.2821    34.0476     64.717      9.076     0.1187     0.1610  1024.6119    24.4733     3.4773  0.000e+00
     31.462    18.2853    34.0420     64.626      9.074     0.1034     0.1617  1024.6072    24.4682     3.4723  0.000e+00
     31.534    18.2863    34.0361     64.481      9.072     0.1141     0.1541  1024.6028    24.4634     3.4646  0.000e+00
     31.608    18.2849    34.0439     64.439      9.073     0.1096     0.1594  1024.6094    24.4697     3.4623  0.000e+00
     31.687    18.2850    34.0510     64.435      9.075     0.1141     0.1579  1024.6151    24.4751     3.4619  0.000e+00
     31.766    18.2873    34.0546     64.433      9.075     0.1065     0.1648  1024.6177    24.4773     3.4616  0.000e+00
     31.847    18.2909    34.0539     64.415      9.072     0.1141     0.1610  1024.6166    24.4759     3.4604  0.000e+00
     31.938    18.2943    34.0536     64.377      9.072     0.1141     0.1602  1024.6160    24.4749     3.4581  0.000e+00
     32.024    18.2974    34.0554     64.460      9.072     0.1096     0.1610  1024.6169    24.4754     3.4624  0.000e+00
     32.116    18.3001    34.0548     64.509      9.072     0.1141     0.1655  1024.6162    24.4743     3.4648  0.000e+00
     32.215    18.3024    34.0555     64.513      9.073     0.1538     0.1594  1024.6167    24.4743     3.4649  0.000e+00
     32.316    18.3045    34.0558     64.453      9.073     0.1599     0.1587  1024.6167    24.4739     3.4615  0.000e+00
     32.422    18.3064    34.0565     64.465      9.073     0.1721     0.1602  1024.6173    24.4741     3.4620  0.000e+00
     32.538    18.3079    34.0567     64.474      9.072     0.1553     0.1564  1024.6176    24.4739     3.4624  0.000e+00
     32.653    18.3092    34.0569     64.495      9.074     0.1080     0.2006  1024.6179    24.4737     3.4634  0.000e+00
     32.776    18.3101    34.0561     64.500      9.073     0.1126     0.2006  1024.6177    24.4729     3.4637  0.000e+00
     32.896    18.3110    34.0561     64.476      9.074     0.1141     0.1953  1024.6179    24.4726     3.4623  0.000e+00
     33.015    18.3110    34.0565     64.460      9.074     0.1141     0.1938  1024.6188    24.4729     3.4614  0.000e+00
     33.136    18.3110    34.0544     64.489      9.073     0.1096     0.2037  1024.6178    24.4713     3.4630  0.000e+00
     33.264    18.3107    34.0541     64.329      9.070     0.1080     0.2121  1024.6181    24.4711     3.4545  0.000e+00
     33.385    18.3099    34.0527     64.227      9.073     0.1080     0.2151  1024.6178    24.4703     3.4491  0.000e+00
     33.502    18.3089    34.0530     64.227      9.073     0.1126     0.2090  1024.6188    24.4708     3.4491  0.000e+00
     33.616    18.3077    34.0506     64.311      9.072     0.1416     0.2052  1024.6177    24.4692     3.4538  0.000e+00
     33.727    18.3057    34.0486     64.304      9.070     0.1385     0.1968  1024.6172    24.4682     3.4536  0.000e+00
     33.830    18.3034    34.0485     64.348      9.072     0.1279     0.1938  1024.6181    24.4686     3.4561  0.000e+00
     33.929    18.3009    34.0497     64.373      9.073     0.1431     0.1953  1024.6201    24.4702     3.4576  0.000e+00
     34.017    18.2989    34.0496     64.374      9.073     0.1355     0.1976  1024.6209    24.4706     3.4578  0.000e+00
     34.102    18.2973    34.0504     64.329      9.072     0.1050     0.1678  1024.6223    24.4716     3.4554  0.000e+00
     34.176    18.2958    34.0534     64.267      9.072     0.1126     0.1762  1024.6253    24.4743     3.4521  0.000e+00
     34.259    18.2955    34.0546     64.137      9.072     0.1096     0.1747  1024.6267    24.4753     3.4451  0.000e+00
     34.347    18.2958    34.0515     63.970      9.070     0.1141     0.1724  1024.6247    24.4729     3.4362  0.000e+00
     34.452    18.2953    34.0483     63.936      9.072     0.1401     0.1610  1024.6227    24.4705     3.4345  0.000e+00
     34.565    18.2935    34.0485     63.980      9.071     0.1416     0.1587  1024.6238    24.4711     3.4369  0.000e+00
     34.693    18.2915    34.0475     63.985      9.071     0.1294     0.1625  1024.6241    24.4708     3.4374  0.000e+00
     34.820    18.2893    34.0477     63.994      9.070     0.1370     0.1617  1024.6254    24.4716     3.4380  0.000e+00
     34.949    18.2869    34.0477     64.123      9.069     0.0821     0.1823  1024.6266    24.4721     3.4451  0.000e+00
     35.081    18.2846    34.0478     64.191      9.073     0.0867     0.1823  1024.6278    24.4728     3.4489  0.000e+00
     35.220    18.2823    34.0391     64.260      9.072     0.0943     0.1846  1024.6223    24.4667     3.4529  0.000e+00
     35.367    18.2777    34.0224     64.323      9.069     0.0867     0.1861  1024.6113    24.4550     3.4570  0.000e+00
     35.515    18.2679    34.0046     64.324      9.074     0.1157     0.1823  1024.6009    24.4439     3.4580  0.000e+00
     35.665    18.2520    33.9916     64.217      9.072     0.1096     0.1877  1024.5955    24.4378     3.4536  0.000e+00
     35.809    18.2325    33.9784     64.223      9.069     0.1034     0.1831  1024.5908    24.4326     3.4554  0.000e+00
     35.944    18.2089    33.9624     64.240      9.069     0.1172     0.1831  1024.5850    24.4261     3.4582  0.000e+00
