data/CTD/원시자료/20220816-0817_현장조사/20220816-0817_CTD/St.5.cnv
* Sea-Bird SBE 19plus V2 Data File:
* FileName = D:\CTD\DATA\20220816-20220818_MABIC\St.5.hex
* Software Version Seasave V 7.26.7.121
* Temperature SN = 7832
* Conductivity SN = 7832
* System UpLoad Time = Aug 17 2022 18:27:15
** Ship:
** Station:
** Operator:
# nquan = 11
# nvalues = 2098                                  
# units = specified
# name 0 = depSM: Depth [salt water, m], lat = 0.00
# name 1 = tv290C: Temperature [ITS-90, deg C]
# name 2 = sal00: Salinity, Practical [PSU]
# name 3 = sbeox0PS: Oxygen, SBE 43 [% saturation]
# name 4 = ph: pH
# name 5 = turbWETntu0: Turbidity, WET Labs ECO [NTU]
# name 6 = flECO-AFL: Fluorescence, WET Labs ECO-AFL/FL [mg/m^3]
# name 7 = density00: Density [density, kg/m^3]
# name 8 = sigma-t00: Density [sigma-t, kg/m^3 ]
# name 9 = sbeox0ML/L: Oxygen, SBE 43 [ml/l]
# name 10 = flag:  0.000e+00
# span 0 =     -0.060,     83.385                 
# span 1 =    16.4503,    23.5982                 
# span 2 =     2.6920,    34.4157                 
# span 3 =     60.283,    120.431                 
# span 4 =      8.953,      9.185                 
# span 5 =     0.0027,    53.2659                 
# span 6 =    -0.2556,     2.4620                 
# span 7 =   999.4309,  1025.5495                 
# span 8 =    -0.5688,    25.1872                 
# span 9 =     3.3326,     6.0160                 
# span 10 = 0.0000e+00, 0.0000e+00                
# interval = seconds: 0.25
# start_time = Aug 17 2022 09:27:15 [System UTC, header]
# bad_flag = -9.990e-29
*END*
[from data line 394]
      3.455    23.2854    30.7693     98.215      9.181     0.4391     1.7601  1020.6627    20.6476     4.9114  0.000e+00
      3.447    23.2850    30.7678     98.276      9.181     0.3903     1.7197  1020.6617    20.6466     4.9145  0.000e+00
      3.442    23.2846    30.7656     98.093      9.179     0.3903     1.7189  1020.6601    20.6451     4.9055  0.000e+00
      3.442    23.2833    30.7651     97.898      9.179     0.3888     1.7242  1020.6601    20.6451     4.8958  0.000e+00
      3.458    23.2822    30.7685     97.785      9.181     0.3903     1.7159  1020.6631    20.6479     4.8902  0.000e+00
      3.476    23.2821    30.7665     97.858      9.178     0.4224     1.7471  1020.6616    20.6464     4.8939  0.000e+00
      3.491    23.2813    30.7646     97.944      9.178     0.4117     1.7387  1020.6605    20.6452     4.8983  0.000e+00
      3.509    23.2805    30.7640     98.051      9.179     0.4208     1.7433  1020.6604    20.6450     4.9038  0.000e+00
      3.519    23.2796    30.7688     98.238      9.180     0.4254     1.7418  1020.6643    20.6489     4.9130  0.000e+00
      3.528    23.2798    30.7740     98.270      9.179     0.4452     1.7433  1020.6682    20.6528     4.9145  0.000e+00
      3.528    23.2808    30.7754     98.374      9.182     0.4422     1.7418  1020.6690    20.6535     4.9196  0.000e+00
      3.527    23.2820    30.7730     98.466      9.182     0.4468     1.7395  1020.6668    20.6514     4.9241  0.000e+00
      3.516    23.2826    30.7712     98.545      9.182     0.4422     1.7448  1020.6652    20.6498     4.9281  0.000e+00
      3.510    23.2828    30.7727     98.514      9.179     0.4483     1.7403  1020.6663    20.6509     4.9265  0.000e+00
      3.492    23.2821    30.7720     98.381      9.179     0.4407     1.7143  1020.6659    20.6506     4.9199  0.000e+00
      3.453    23.2823    30.7673     98.196      9.182     0.4498     1.7174  1020.6621    20.6470     4.9108  0.000e+00
      3.413    23.2813    30.7755     97.986      9.180     0.4529     1.7143  1020.6684    20.6535     4.9001  0.000e+00
      3.357    23.2818    30.7776     97.842      9.179     0.4422     1.7136  1020.6696    20.6549     4.8928  0.000e+00
      3.300    23.2836    30.8058     97.710      9.180     0.4361     1.8692  1020.6902    20.6757     4.8853  0.000e+00
      3.235    23.2904    30.8287     97.698      9.180     0.4452     1.8646  1020.7053    20.6911     4.8834  0.000e+00
      3.186    23.3027    30.8322     97.637      9.177     0.4407     1.8578  1020.7042    20.6903     4.8792  0.000e+00
      3.157    23.3148    30.8141     97.610      9.178     0.4391     1.8692  1020.6869    20.6731     4.8773  0.000e+00
      3.163    23.3216    30.7975     97.681      9.180     0.4880     1.9104  1020.6725    20.6586     4.8808  0.000e+00
      3.195    23.3221    30.7862     97.783      9.179     0.4880     1.9089  1020.6639    20.6499     4.8861  0.000e+00
      3.244    23.3193    30.8019     97.816      9.177     0.4926     1.9135  1020.6768    20.6626     4.8876  0.000e+00
      3.312    23.3190    30.8017     97.786      9.177     0.4941     1.9119  1020.6771    20.6626     4.8862  0.000e+00
      3.388    23.3192    30.8086     97.782      9.179     0.4681     1.8814  1020.6826    20.6677     4.8857  0.000e+00
      3.467    23.3188    30.8146     97.734      9.181     0.4697     1.8776  1020.6876    20.6724     4.8832  0.000e+00
      3.528    23.3192    30.8037     97.792      9.178     0.4651     1.8791  1020.6795    20.6640     4.8864  0.000e+00
      3.566    23.3185    30.8011     97.888      9.179     0.4697     1.8776  1020.6779    20.6623     4.8913  0.000e+00
      3.559    23.3177    30.8084     97.904      9.180     0.4452     1.8303  1020.6836    20.6680     4.8920  0.000e+00
      3.514    23.3175    30.8153     97.927      9.179     0.4422     1.8257  1020.6886    20.6733     4.8929  0.000e+00
      3.440    23.3190    30.8155     98.008      9.180     0.4315     1.8280  1020.6881    20.6730     4.8968  0.000e+00
      3.336    23.3202    30.8212     97.993      9.179     0.4483     1.8257  1020.6916    20.6770     4.8958  0.000e+00
      3.227    23.3221    30.8131     98.016      9.180     0.4437     1.8211  1020.6844    20.6703     4.8970  0.000e+00
      3.119    23.3237    30.8109     98.066      9.179     0.4330     1.8265  1020.6819    20.6682     4.8995  0.000e+00
      3.022    23.3248    30.8118     97.975      9.182     0.4376     1.8303  1020.6818    20.6685     4.8948  0.000e+00
      2.921    23.3260    30.8137     97.914      9.179     0.4452     1.8349  1020.6824    20.6696     4.8916  0.000e+00
      2.824    23.3279    30.8180     97.884      9.182     0.4468     1.8272  1020.6847    20.6724     4.8898  0.000e+00
      2.721    23.3310    30.8189     97.866      9.179     0.4498     1.8181  1020.6841    20.6722     4.8886  0.000e+00
      2.620    23.3346    30.8165     97.846      9.179     0.4361     1.8173  1020.6807    20.6693     4.8874  0.000e+00
      2.521    23.3372    30.8161     97.883      9.178     0.4437     1.8127  1020.6793    20.6683     4.8890  0.000e+00
      2.416    23.3389    30.8154     97.825      9.180     0.4376     1.8143  1020.6778    20.6672     4.8860  0.000e+00
      2.310    23.3407    30.8156     97.760      9.178     0.4422     1.6006  1020.6770    20.6669     4.8826  0.000e+00
      2.198    23.3423    30.8145     97.820      9.178     0.4422     1.6029  1020.6752    20.6656     4.8855  0.000e+00
      2.081    23.3432    30.8136     97.872      9.178     0.4391     1.5976  1020.6738    20.6647     4.8880  0.000e+00
      1.961    23.3442    30.8116     97.934      9.178     0.4437     1.6029  1020.6715    20.6629     4.8911  0.000e+00
      1.851    23.3450    30.8118     97.871      9.180     0.4117     1.5213  1020.6709    20.6628     4.8878  0.000e+00
      1.748    23.3451    30.8127     97.898      9.177     0.4178     1.5198  1020.6711    20.6634     4.8892  0.000e+00
      1.678    23.3458    30.8117     97.873      9.180     0.4193     1.5175  1020.6699    20.6625     4.8879  0.000e+00
      1.642    23.3462    30.8054     97.745      9.180     0.4193     1.5183  1020.6648    20.6576     4.8816  0.000e+00
      1.632    23.3443    30.8035     97.686      9.179     0.4163     1.5228  1020.6639    20.6567     4.8789  0.000e+00
      1.643    23.3413    30.8054     97.699      9.178     0.4208     1.4717  1020.6662    20.6590     4.8798  0.000e+00
      1.660    23.3390    30.8032     97.834      9.178     0.4178     1.4748  1020.6652    20.6580     4.8868  0.000e+00
      1.665    23.3368    30.8066     97.959      9.180     0.4224     1.4709  1020.6684    20.6612     4.8931  0.000e+00
      1.658    23.3356    30.8077     97.863      9.179     0.4163     1.4755  1020.6696    20.6623     4.8884  0.000e+00
      1.616    23.3351    30.8080     97.773      9.180     0.4102     1.5076  1020.6698    20.6628     4.8839  0.000e+00
      1.546    23.3350    30.8098     97.712      9.179     0.4239     1.5053  1020.6709    20.6641     4.8809  0.000e+00
      1.458    23.3353    30.8114     97.683      9.183     0.4178     1.5076  1020.6716    20.6653     4.8793  0.000e+00
      1.342    23.3362    30.8097     97.685      9.178     0.4147     1.5053  1020.6695    20.6637     4.8794  0.000e+00
      1.189    23.3368    30.8115     97.664      9.178     0.4056     1.5015  1020.6701    20.6649     4.8782  0.000e+00
      1.023    23.3380    30.8097     97.696      9.179     0.3918     1.4954  1020.6677    20.6632     4.8798  0.000e+00
      0.852    23.3393    30.8014     97.829      9.178     0.3842     1.5022  1020.6603    20.6565     4.8866  0.000e+00
      0.663    23.3399    30.7919     98.029      9.181     0.4025     1.4969  1020.6521    20.6492     4.8967  0.000e+00
      0.475    23.3393    30.7850     98.189      9.178     0.4086     1.5465  1020.6462    20.6441     4.9050  0.000e+00
      0.272    23.3382    30.7833     98.359      9.178     0.4132     1.5396  1020.6444    20.6432     4.9136  0.000e+00
      0.023    23.3366    30.7881     98.386      9.177     0.4208     1.5457  1020.6474    20.6473     4.9150  0.000e+00
     -0.044    23.3365    21.2076     98.238      9.181     0.4163     1.5404  1013.4183    13.4185     5.1864  0.000e+00
     -0.044    23.3368     5.3934     97.794      9.180    18.9300     2.4620  1001.5289     1.5291     5.6548  0.000e+00
     -0.044    23.3362     2.9198     97.416      9.180    18.9178     2.4552   999.6667    -0.3331     5.7136  0.000e+00
     -0.045    23.3333     3.4013     97.538      9.179    18.9239     2.4605  1000.0302     0.0304     5.7052  0.000e+00
      0.047    23.3328     4.3730     97.139      9.179    18.9209     2.4605  1000.7624     0.7622     5.6503  0.000e+00
      0.274    23.3337    14.7837     95.941      9.178    18.9148     2.4567  1008.5882     8.5870     5.2563  0.000e+00
      0.463    23.3350    20.0852     94.021      9.180    53.2582     0.5455  1012.5760    12.5739     4.9961  0.000e+00
      0.589    23.3358    12.0687     92.000      9.179    53.2460     0.5455  1006.5488     6.5462     5.1195  0.000e+00
      0.679    23.3363    18.7168     90.112      9.180    53.2644     0.5447  1011.5468    11.5438     4.8261  0.000e+00
      0.744    23.3362    20.3329     88.163      9.181    53.2659     0.5455  1012.7633    12.7600     4.6780  0.000e+00
      0.766    23.3365    29.8988     86.255      9.179    39.6213     2.4620  1019.9783    19.9749     4.3311  0.000e+00
      0.730    23.3366    25.7377     84.530      9.178    39.6197     2.4567  1016.8359    16.8327     4.3476  0.000e+00
      0.645    23.3368    30.4728     83.419      9.179    39.6167     2.4513  1020.4116    20.4088     4.1748  0.000e+00
      0.548    23.3371    30.7863     83.207      9.180    39.6091     2.4552  1020.6482    20.6458     4.1567  0.000e+00
      0.459    23.3373    30.7918     83.413      9.181     0.6345     1.6045  1020.6519    20.6498     4.1668  0.000e+00
      0.356    23.3373    30.6128     84.190      9.178     0.6390     1.6045  1020.5160    20.5145     4.2100  0.000e+00
      0.234    23.3375    30.4867     86.039      9.179     0.6360     1.6029  1020.4202    20.4191     4.3056  0.000e+00
      0.077    23.3376    30.7789     87.714      9.179     0.6329     1.6006  1020.6404    20.6400     4.3820  0.000e+00
     -0.036    23.3378    30.1793     88.616      9.177     9.3413     0.9727  1020.1864    20.1866     4.4424  0.000e+00
     -0.042    23.3379    30.5736     88.673      9.179     9.3367     0.9758  1020.4845    20.4847     4.4351  0.000e+00
     -0.044    23.3379    30.4966     87.959      9.181     9.3474     0.9766  1020.4263    20.4265     4.4014  0.000e+00
     -0.044    23.3380    30.6895     86.729      9.179     9.3352     0.9758  1020.5721    20.5723     4.3350  0.000e+00
     -0.044    23.3380    30.7708     85.482      9.179     9.3382     0.9682  1020.6336    20.6338     4.2707  0.000e+00
     -0.047    23.3381    30.7712     84.015      9.179     0.8344    -0.2556  1020.6338    20.6340     4.1973  0.000e+00
     -0.035    23.3381    30.7707     82.646      9.180     0.8344    -0.2480  1020.6335    20.6337     4.1290  0.000e+00
      0.099    23.3381    30.7266     81.512      9.179     0.8206    -0.2495  1020.6008    20.6003     4.0734  0.000e+00
      0.405    23.3378    30.4777     80.333      9.180     0.8359    -0.2518  1020.4140    20.4122     4.0202  0.000e+00
      0.704    23.3377    29.2889     79.209      9.178    14.2455     0.5981  1019.5167    19.5136     3.9913  0.000e+00
      0.962    23.3378    19.5709     78.163      9.179    14.2501     0.5958  1012.1904    12.1861     4.1655  0.000e+00
      1.108    23.3380    25.8432     77.220      9.181    14.2394     0.5905  1016.9167    16.9119     3.9692  0.000e+00
      1.227    23.3382    30.7612     76.861      9.178    14.2470     0.5974  1020.6318    20.6265     3.8402  0.000e+00
      1.371    23.3383    30.6528     77.297      9.179     0.5322     1.5297  1020.5505    20.5445     3.8643  0.000e+00
      1.550    23.3382    30.5563     79.024      9.179     0.5399     1.5312  1020.4783    20.4715     3.9529  0.000e+00
      1.755    23.3386    30.7205     81.241      9.179     0.5353     1.5305  1020.6032    20.5955     4.0599  0.000e+00
      1.986    23.3396    30.7948     83.027      9.178     0.5261     1.5350  1020.6601    20.6514     4.1473  0.000e+00
      2.224    23.3405    30.7885     84.493      9.180     0.3796     1.5022  1020.6562    20.6465     4.2206  0.000e+00
      2.424    23.3412    30.7943     86.219      9.180     0.3934     1.5114  1020.6613    20.6506     4.3066  0.000e+00
      2.568    23.3397    30.7997     88.281      9.179     0.3934     1.5030  1020.6663    20.6551     4.4097  0.000e+00
      2.561    23.3386    30.8037     90.478      9.178     0.3857     1.5060  1020.6697    20.6585     4.5193  0.000e+00
      2.451    23.3391    30.8038     92.435      9.179     0.4163     1.5465  1020.6692    20.6584     4.6171  0.000e+00
      2.357    23.3392    30.8003     94.070      9.178     0.4163     1.5411  1020.6661    20.6558     4.6988  0.000e+00
      2.310    23.3384    30.7974     95.143      9.179     0.4102     1.5389  1020.6639    20.6538     4.7526  0.000e+00
      2.310    23.3367    30.7863     95.936      9.177     0.4132     1.5427  1020.6559    20.6458     4.7926  0.000e+00
      2.379    23.3354    30.7992     96.737      9.182     0.4163     1.5419  1020.6664    20.6560     4.8324  0.000e+00
      2.489    23.3352    30.7959     97.622      9.178     0.5383     1.5480  1020.6644    20.6535     4.8767  0.000e+00
      2.653    23.3352    30.8031     98.303      9.181     0.5399     1.5442  1020.6706    20.6590     4.9105  0.000e+00
      2.851    23.3349    30.8046     98.753      9.179     0.5414     1.5442  1020.6727    20.6602     4.9330  0.000e+00
      3.044    23.3352    30.8064     99.106      9.178     0.5338     1.5442  1020.6748    20.6615     4.9505  0.000e+00
      3.271    23.3360    30.8064     99.433      9.180     0.5109     1.5800  1020.6756    20.6613     4.9668  0.000e+00
      3.492    23.3365    30.7865     99.541      9.177     0.5246     1.5762  1020.6614    20.6461     4.9727  0.000e+00
      3.719    23.3323    30.7903     99.399      9.178     0.5200     1.5732  1020.6664    20.6501     4.9659  0.000e+00
      3.952    23.3251    30.7959     99.179      9.179     0.5215     1.5831  1020.6738    20.6565     4.9554  0.000e+00
      4.192    23.3190    30.8007     98.766      9.176     0.4285     1.5800  1020.6801    20.6618     4.9351  0.000e+00
      4.458    23.3143    30.8040     98.409      9.179     0.4163     1.5778  1020.6851    20.6656     4.9176  0.000e+00
      4.747    23.3121    30.8134     98.051      9.177     0.4163     1.5762  1020.6942    20.6734     4.8996  0.000e+00
      5.022    23.3114    30.8505     97.690      9.178     0.4239     1.5823  1020.7236    20.7016     4.8806  0.000e+00
      5.246    23.3109    30.8457     97.322      9.176     0.4193     1.5800  1020.7211    20.6981     4.8624  0.000e+00
      5.351    23.3104    30.8332     97.084      9.174     0.4132     1.5785  1020.7122    20.6888     4.8509  0.000e+00
      5.363    23.3110    30.8211     96.977      9.175     0.4102     1.5839  1020.7030    20.6795     4.8458  0.000e+00
      5.340    23.3124    30.8230     96.949      9.177     0.4102     1.5793  1020.7039    20.6805     4.8443  0.000e+00
      5.336    23.3129    30.8243     96.932      9.174     0.4163     1.5785  1020.7047    20.6814     4.8433  0.000e+00
      5.396    23.3136    30.8291     96.941      9.175     0.4208     1.5213  1020.7085    20.6848     4.8436  0.000e+00
      5.489    23.3135    30.8378     97.127      9.178     0.4269     1.5213  1020.7154    20.6914     4.8527  0.000e+00
