data/CTD/원시자료/20220816-0817_현장조사/20220816-0817_CTD/St.6.cnv
* Sea-Bird SBE 19plus V2 Data File:
* FileName = D:\CTD\DATA\20220816-20220818_MABIC\St. 6.hex
* Software Version Seasave V 7.26.7.121
* Temperature SN = 7832
* Conductivity SN = 7832
* System UpLoad Time = Aug 17 2022 15:05:39
** Ship:
** Station:
** Operator:
# nquan = 11
# nvalues = 2016                                  
# units = specified
# name 0 = depSM: Depth [salt water, m], lat = 0.00
# name 1 = tv290C: Temperature [ITS-90, deg C]
# name 2 = sal00: Salinity, Practical [PSU]
# name 3 = sbeox0PS: Oxygen, SBE 43 [% saturation]
# name 4 = ph: pH
# name 5 = turbWETntu0: Turbidity, WET Labs ECO [NTU]
# name 6 = flECO-AFL: Fluorescence, WET Labs ECO-AFL/FL [mg/m^3]
# name 7 = density00: Density [density, kg/m^3]
# name 8 = sigma-t00: Density [sigma-t, kg/m^3 ]
# name 9 = sbeox0ML/L: Oxygen, SBE 43 [ml/l]
# name 10 = flag:  0.000e+00
# span 0 =     -0.057,     81.729                 
# span 1 =    15.8262,    26.7873                 
# span 2 =     2.7304,    34.3626                 
# span 3 =     60.102,    108.478                 
# span 4 =      8.832,      9.220                 
# span 5 =     0.0241,    16.6229                 
# span 6 =    -0.0786,     1.0353                 
# span 7 =   998.7813,  1025.6510                 
# span 8 =    -1.2185,    25.2925                 
# span 9 =     3.1982,     5.7077                 
# span 10 = 0.0000e+00, 0.0000e+00                
# interval = seconds: 0.25
# start_time = Aug 17 2022 06:05:39 [System UTC, header]
# bad_flag = -9.990e-29
*END*
[from data line 1443]
     40.950    18.3181    33.4435     77.026      9.101     0.0989     0.2136  1024.1833    24.0022     4.1509  0.000e+00
     40.793    18.3361    33.4610     76.928      9.098     0.0867     0.2197  1024.1915    24.0111     4.1438  0.000e+00
     40.632    18.3632    33.4630     76.998      9.099     0.0867     0.2228  1024.1856    24.0060     4.1453  0.000e+00
     40.450    18.3958    33.4578     77.086      9.097     0.0897     0.2235  1024.1728    23.9940     4.1477  0.000e+00
     40.263    18.4292    33.4603     77.286      9.096     0.0851     0.2144  1024.1656    23.9876     4.1558  0.000e+00
     40.075    18.4686    33.4531     77.421      9.097     0.0821     0.2235  1024.1494    23.9723     4.1601  0.000e+00
     39.886    18.5098    33.4436     77.642      9.098     0.0745     0.2228  1024.1311    23.9548     4.1690  0.000e+00
     39.681    18.5506    33.4338     77.756      9.098     0.0867     0.2228  1024.1126    23.9372     4.1722  0.000e+00
     39.481    18.5894    33.4116     77.934      9.098     0.0882     0.2212  1024.0850    23.9106     4.1792  0.000e+00
     39.290    18.6203    33.4040     78.138      9.095     0.1065     0.2411  1024.0707    23.8971     4.1879  0.000e+00
     39.095    18.6474    33.4087     78.360      9.096     0.1065     0.2441  1024.0666    23.8939     4.1976  0.000e+00
     38.916    18.6768    33.4003     78.477      9.096     0.1111     0.2365  1024.0520    23.8801     4.2017  0.000e+00
     38.774    18.7057    33.3957     78.650      9.099     0.1050     0.2456  1024.0407    23.8694     4.2088  0.000e+00
     38.650    18.7344    33.4332     78.810      9.099     0.1401     0.2662  1024.0616    23.8909     4.2141  0.000e+00
     38.558    18.7724    33.3880     78.785      9.100     0.1370     0.2685  1024.0171    23.8468     4.2110  0.000e+00
     38.487    18.7983    33.3439     78.763      9.099     0.1431     0.2662  1023.9765    23.8066     4.2089  0.000e+00
     38.439    18.8016    33.3665     78.755      9.097     0.1324     0.2708  1023.9928    23.8230     4.2076  0.000e+00
     38.406    18.8076    33.3885     78.695      9.101     0.1096     0.2922  1024.0079    23.8383     4.2034  0.000e+00
     38.390    18.8236    33.3956     78.516      9.099     0.1141     0.2945  1024.0092    23.8397     4.1924  0.000e+00
     38.394    18.8442    33.3815     78.366      9.099     0.1019     0.2922  1023.9933    23.8238     4.1831  0.000e+00
     38.406    18.8625    33.3995     78.216      9.101     0.1111     0.2922  1024.0026    23.8330     4.1732  0.000e+00
     38.442    18.8899    33.3890     78.107      9.099     0.1096     0.2937  1023.9877    23.8180     4.1655  0.000e+00
     38.478    18.9167    33.3729     78.084      9.098     0.1492     0.3151  1023.9688    23.7990     4.1626  0.000e+00
     38.511    18.9376    33.3786     78.025      9.100     0.1614     0.3151  1023.9681    23.7981     4.1577  0.000e+00
     38.532    18.9584    33.3643     78.077      9.101     0.1538     0.3189  1023.9520    23.7819     4.1592  0.000e+00
     38.531    18.9746    33.3571     78.022      9.099     0.1599     0.3181  1023.9424    23.7723     4.1552  0.000e+00
     38.511    18.9861    33.3505     77.911      9.100     0.1309     0.3410  1023.9344    23.7644     4.1486  0.000e+00
     38.478    18.9943    33.3453     77.972      9.101     0.1492     0.3456  1023.9282    23.7584     4.1513  0.000e+00
     38.421    19.0002    33.3423     77.813      9.100     0.1370     0.3418  1023.9241    23.7546     4.1425  0.000e+00
     38.322    19.0041    33.3422     77.762      9.103     0.1370     0.3425  1023.9226    23.7535     4.1394  0.000e+00
     38.197    19.0079    33.3434     77.627      9.100     0.1050     0.3074  1023.9220    23.7534     4.1319  0.000e+00
     38.049    19.0126    33.3455     77.597      9.098     0.1141     0.3052  1023.9218    23.7538     4.1299  0.000e+00
     37.867    19.0193    33.3504     77.525      9.102     0.1157     0.3082  1023.9231    23.7559     4.1254  0.000e+00
     37.662    19.0291    33.3514     77.448      9.100     0.0943     0.3082  1023.9205    23.7543     4.1206  0.000e+00
     37.442    19.0413    33.3497     77.424      9.101     0.1431     0.2998  1023.9150    23.7498     4.1184  0.000e+00
     37.222    19.0550    33.3420     77.432      9.101     0.1279     0.2907  1023.9047    23.7404     4.1179  0.000e+00
     37.000    19.0665    33.3347     77.455      9.100     0.1370     0.2891  1023.8953    23.7320     4.1185  0.000e+00
     36.786    19.0750    33.3308     77.544      9.101     0.1340     0.2952  1023.8892    23.7269     4.1226  0.000e+00
     36.588    19.0821    33.3272     77.547      9.100     0.1034     0.3021  1023.8838    23.7223     4.1224  0.000e+00
     36.407    19.0877    33.3255     77.676      9.099     0.1157     0.3044  1023.8803    23.7196     4.1288  0.000e+00
     36.254    19.0921    33.3238     77.827      9.101     0.1050     0.3059  1023.8772    23.7172     4.1365  0.000e+00
     36.133    19.0958    33.3239     77.890      9.100     0.1080     0.2998  1023.8758    23.7164     4.1396  0.000e+00
     36.040    19.0997    33.3218     78.006      9.101     0.1050     0.3052  1023.8727    23.7137     4.1455  0.000e+00
     35.973    19.1036    33.3194     78.091      9.098     0.1401     0.3151  1023.8697    23.7109     4.1498  0.000e+00
     35.944    19.1063    33.3146     78.143      9.100     0.1370     0.3128  1023.8651    23.7065     4.1525  0.000e+00
     35.928    19.1068    33.3151     78.107      9.102     0.1370     0.3181  1023.8654    23.7068     4.1505  0.000e+00
     35.926    19.1068    33.3139     78.163      9.101     0.1279     0.3120  1023.8644    23.7059     4.1535  0.000e+00
     35.942    19.1064    33.3147     78.182      9.103     0.1065     0.3311  1023.8652    23.7066     4.1545  0.000e+00
     35.958    19.1058    33.3210     78.169      9.101     0.1126     0.3296  1023.8702    23.7116     4.1537  0.000e+00
     35.975    19.1081    33.3224     78.228      9.101     0.1065     0.3265  1023.8708    23.7121     4.1566  0.000e+00
     35.998    19.1121    33.3187     78.192      9.100     0.1034     0.3296  1023.8671    23.7082     4.1545  0.000e+00
     36.005    19.1149    33.3149     78.175      9.102     0.1096     0.3387  1023.8635    23.7046     4.1535  0.000e+00
     36.007    19.1159    33.3149     78.262      9.100     0.1065     0.3418  1023.8632    23.7043     4.1580  0.000e+00
     35.996    19.1166    33.3163     78.269      9.101     0.1126     0.3364  1023.8641    23.7053     4.1583  0.000e+00
     35.966    19.1178    33.3171     78.270      9.101     0.0973     0.3448  1023.8642    23.7056     4.1582  0.000e+00
     35.921    19.1199    33.3167     78.261      9.102     0.1096     0.3250  1023.8632    23.7047     4.1576  0.000e+00
     35.854    19.1219    33.3159     78.280      9.101     0.1065     0.3296  1023.8618    23.7036     4.1585  0.000e+00
     35.769    19.1235    33.3163     78.218      9.101     0.1141     0.3273  1023.8614    23.7035     4.1551  0.000e+00
     35.666    19.1252    33.3143     78.200      9.101     0.1065     0.3296  1023.8589    23.7015     4.1540  0.000e+00
     35.546    19.1265    33.3155     78.161      9.102     0.1141     0.3174  1023.8590    23.7021     4.1518  0.000e+00
     35.410    19.1277    33.3133     78.142      9.099     0.1065     0.3136  1023.8564    23.7002     4.1508  0.000e+00
     35.259    19.1284    33.3141     78.118      9.101     0.1141     0.3136  1023.8562    23.7006     4.1494  0.000e+00
     35.100    19.1290    33.3155     78.107      9.100     0.1141     0.3166  1023.8563    23.7015     4.1488  0.000e+00
     34.933    19.1301    33.3180     78.005      9.102     0.1065     0.3174  1023.8573    23.7032     4.1432  0.000e+00
     34.767    19.1332    33.3250     77.895      9.102     0.1446     0.3303  1023.8611    23.7077     4.1370  0.000e+00
     34.603    19.1413    33.3283     77.834      9.103     0.1309     0.3280  1023.8608    23.7081     4.1330  0.000e+00
     34.446    19.1545    33.3253     77.809      9.101     0.1370     0.3280  1023.8545    23.7025     4.1308  0.000e+00
     34.297    19.1688    33.3211     77.825      9.102     0.1370     0.3288  1023.8470    23.6957     4.1306  0.000e+00
     34.156    19.1822    33.3152     77.981      9.103     0.1401     0.3181  1023.8385    23.6878     4.1380  0.000e+00
     34.037    19.1940    33.3106     78.080      9.101     0.1370     0.3136  1023.8314    23.6812     4.1425  0.000e+00
     33.927    19.2038    33.3080     78.239      9.102     0.1340     0.3136  1023.8264    23.6768     4.1502  0.000e+00
     33.839    19.2121    33.3097     78.396      9.104     0.1340     0.3166  1023.8252    23.6759     4.1578  0.000e+00
     33.761    19.2200    33.3016     78.708      9.101     0.1050     0.3525  1023.8167    23.6677     4.1739  0.000e+00
     33.696    19.2254    33.3014     78.914      9.102     0.1141     0.3486  1023.8149    23.6662     4.1845  0.000e+00
     33.646    19.2295    33.3063     79.041      9.103     0.1050     0.3548  1023.8173    23.6689     4.1908  0.000e+00
     33.608    19.2352    33.3072     79.161      9.100     0.1096     0.3532  1023.8164    23.6682     4.1967  0.000e+00
     33.579    19.2406    33.3155     79.101      9.101     0.1065     0.3540  1023.8212    23.6731     4.1928  0.000e+00
     33.547    19.2490    33.3200     79.131      9.102     0.0973     0.3509  1023.8224    23.6744     4.1937  0.000e+00
     33.520    19.2598    33.3199     79.067      9.104     0.1096     0.3502  1023.8195    23.6716     4.1894  0.000e+00
     33.491    19.2708    33.3234     78.949      9.102     0.0973     0.3540  1023.8192    23.6715     4.1822  0.000e+00
     33.458    19.2823    33.3348     78.808      9.101     0.0973     0.3548  1023.8248    23.6773     4.1736  0.000e+00
     33.419    19.2974    33.3393     78.789      9.103     0.0867     0.3509  1023.8242    23.6768     4.1713  0.000e+00
     33.375    19.3145    33.3382     78.740      9.103     0.1004     0.3555  1023.8188    23.6716     4.1674  0.000e+00
     33.323    19.3314    33.3364     78.751      9.103     0.0836     0.3525  1023.8129    23.6660     4.1667  0.000e+00
     33.258    19.3467    33.3295     78.792      9.103     0.0943     0.3540  1023.8034    23.6568     4.1679  0.000e+00
     33.179    19.3599    33.3323     78.872      9.102     0.1294     0.3418  1023.8019    23.6556     4.1710  0.000e+00
     33.094    19.3726    33.3417     78.916      9.102     0.1355     0.3403  1023.8054    23.6595     4.1721  0.000e+00
     32.999    19.3889    33.3481     78.997      9.102     0.1431     0.3372  1023.8056    23.6601     4.1750  0.000e+00
     32.891    19.4082    33.3415     79.070      9.104     0.1370     0.3441  1023.7952    23.6502     4.1775  0.000e+00
     32.764    19.4264    33.3342     79.042      9.102     0.1065     0.3403  1023.7844    23.6400     4.1748  0.000e+00
     32.629    19.4421    33.3594     79.110      9.102     0.1080     0.3410  1023.7990    23.6552     4.1766  0.000e+00
     32.487    19.4658    33.3521     79.160      9.103     0.1065     0.3425  1023.7867    23.6435     4.1776  0.000e+00
     32.330    19.4901    33.3463     79.208      9.102     0.1126     0.3380  1023.7754    23.6329     4.1784  0.000e+00
     32.189    19.5120    33.3558     79.363      9.101     0.1141     0.3753  1023.7764    23.6345     4.1846  0.000e+00
     32.047    19.5399    33.3446     79.450      9.103     0.1050     0.3769  1023.7600    23.6188     4.1873  0.000e+00
     31.899    19.5678    33.3355     79.638      9.105     0.1111     0.3769  1023.7452    23.6046     4.1952  0.000e+00
     31.750    19.5935    33.3596     79.775      9.103     0.1157     0.3761  1023.7563    23.6164     4.1999  0.000e+00
     31.589    19.6235    33.3656     79.880      9.103     0.1034     0.3738  1023.7524    23.6133     4.2029  0.000e+00
     31.427    19.6582    33.3889     79.937      9.102     0.1126     0.3792  1023.7605    23.6221     4.2026  0.000e+00
     31.274    19.6986    33.3950     80.032      9.104     0.1126     0.3776  1023.7540    23.6163     4.2043  0.000e+00
     31.126    19.7428    33.3843     80.106      9.103     0.1065     0.3738  1023.7338    23.5967     4.2051  0.000e+00
     31.002    19.7840    33.3765     80.179      9.105     0.1096     0.3738  1023.7165    23.5800     4.2059  0.000e+00
     30.883    19.8209    33.3570     80.399      9.107     0.1019     0.4013  1023.6916    23.5556     4.2151  0.000e+00
     30.769    19.8504    33.3424     80.732      9.106     0.1065     0.4021  1023.6723    23.5368     4.2306  0.000e+00
     30.672    19.8728    33.3479     81.128      9.106     0.1050     0.4036  1023.6702    23.5351     4.2494  0.000e+00
     30.580    19.8942    33.3178     81.467      9.108     0.1172     0.4005  1023.6413    23.5067     4.2663  0.000e+00
     30.499    19.9064    33.3102     81.734      9.108     0.0836     0.4234  1023.6319    23.4977     4.2795  0.000e+00
     30.419    19.9129    33.3333     82.018      9.110     0.0912     0.4242  1023.6475    23.5136     4.2933  0.000e+00
     30.333    19.9286    33.3626     82.287      9.111     0.0943     0.4234  1023.6654    23.5319     4.3053  0.000e+00
     30.241    19.9585    33.3428     82.504      9.110     0.0912     0.4257  1023.6421    23.5090     4.3148  0.000e+00
     30.142    19.9866    33.3182     82.750      9.113     0.0775     0.4242  1023.6156    23.4829     4.3261  0.000e+00
     30.030    20.0041    33.3374     82.885      9.110     0.0943     0.4227  1023.6251    23.4929     4.3313  0.000e+00
     29.909    20.0264    33.3306     83.217      9.110     0.0836     0.4280  1023.6136    23.4820     4.3470  0.000e+00
     29.783    20.0523    33.3361     83.656      9.112     0.0867     0.4272  1023.6104    23.4794     4.3677  0.000e+00
     29.637    20.0806    33.3045     84.147      9.114     0.0867     0.4295  1023.5783    23.4479     4.3919  0.000e+00
     29.486    20.0990    33.2927     84.632      9.116     0.0806     0.4249  1023.5638    23.4341     4.4160  0.000e+00
     29.320    20.1100    33.3054     85.136      9.117     0.0867     0.4257  1023.5699    23.4409     4.4411  0.000e+00
     29.149    20.1271    33.3245     85.700      9.117     0.0912     0.4310  1023.5792    23.4510     4.4686  0.000e+00
     28.986    20.1577    33.3551     86.297      9.115     0.0775     0.4272  1023.5938    23.4663     4.4964  0.000e+00
     28.821    20.2066    33.3908     86.863      9.116     0.0806     0.4349  1023.6073    23.4806     4.5209  0.000e+00
     28.658    20.2783    33.3872     87.312      9.116     0.0928     0.4379  1023.5850    23.4589     4.5384  0.000e+00
     28.505    20.3581    33.4064     87.977      9.117     0.0867     0.4341  1023.5779    23.4526     4.5658  0.000e+00
     28.361    20.4499    33.3700     88.612      9.116     0.0928     0.4394  1023.5252    23.4005     4.5920  0.000e+00
     28.228    20.5354    33.3290     89.413      9.116     0.0821     0.4898  1023.4706    23.3466     4.6274  0.000e+00
     28.107    20.6027    33.2859     90.102      9.114     0.0790     0.4822  1023.4195    23.2960     4.6585  0.000e+00
     27.999    20.6520    33.2669     90.710      9.119     0.0821     0.4852  1023.3913    23.2683     4.6863  0.000e+00
     27.901    20.6892    33.2370     91.125      9.124     0.0867     0.4898  1023.3583    23.2357     4.7053  0.000e+00
     27.820    20.7156    33.2283     91.515      9.125     0.1141     0.4738  1023.3442    23.2220     4.7235  0.000e+00
     27.741    20.7339    33.2296     91.810      9.127     0.1050     0.4753  1023.3400    23.2181     4.7371  0.000e+00
     27.667    20.7559    33.2129     91.984      9.129     0.1096     0.4745  1023.3211    23.1995     4.7446  0.000e+00
