data/CTD/원시자료/20220816-0817_현장조사/20220816-0817_CTD/St.6.cnv
* Sea-Bird SBE 19plus V2 Data File:
* FileName = D:\CTD\DATA\20220816-20220818_MABIC\St. 6.hex
* Software Version Seasave V 7.26.7.121
* Temperature SN = 7832
* Conductivity SN = 7832
* System UpLoad Time = Aug 17 2022 15:05:39
** Ship:
** Station:
** Operator:
# nquan = 11
# nvalues = 2016                                  
# units = specified
# name 0 = depSM: Depth [salt water, m], lat = 0.00
# name 1 = tv290C: Temperature [ITS-90, deg C]
# name 2 = sal00: Salinity, Practical [PSU]
# name 3 = sbeox0PS: Oxygen, SBE 43 [% saturation]
# name 4 = ph: pH
# name 5 = turbWETntu0: Turbidity, WET Labs ECO [NTU]
# name 6 = flECO-AFL: Fluorescence, WET Labs ECO-AFL/FL [mg/m^3]
# name 7 = density00: Density [density, kg/m^3]
# name 8 = sigma-t00: Density [sigma-t, kg/m^3 ]
# name 9 = sbeox0ML/L: Oxygen, SBE 43 [ml/l]
# name 10 = flag:  0.000e+00
# span 0 =     -0.057,     81.729                 
# span 1 =    15.8262,    26.7873                 
# span 2 =     2.7304,    34.3626                 
# span 3 =     60.102,    108.478                 
# span 4 =      8.832,      9.220                 
# span 5 =     0.0241,    16.6229                 
# span 6 =    -0.0786,     1.0353                 
# span 7 =   998.7813,  1025.6510                 
# span 8 =    -1.2185,    25.2925                 
# span 9 =     3.1982,     5.7077                 
# span 10 = 0.0000e+00, 0.0000e+00                
# interval = seconds: 0.25
# start_time = Aug 17 2022 06:05:39 [System UTC, header]
# bad_flag = -9.990e-29
*END*
[from data line 1312]
     46.107    17.7373    33.6582     71.377      9.075     0.1111     0.1495  1024.5127    24.3085     3.8840  0.000e+00
     45.988    17.7572    33.6607     71.584      9.076     0.1172     0.1564  1024.5093    24.3056     3.8938  0.000e+00
     45.867    17.7778    33.6573     71.598      9.076     0.0912     0.1556  1024.5011    24.2980     3.8931  0.000e+00
     45.750    17.7973    33.6548     71.696      9.077     0.0943     0.1571  1024.4939    24.2913     3.8970  0.000e+00
     45.638    17.8156    33.6475     71.751      9.076     0.0821     0.1495  1024.4834    24.2813     3.8989  0.000e+00
     45.550    17.8309    33.6412     71.826      9.076     0.0897     0.1457  1024.4745    24.2728     3.9019  0.000e+00
     45.449    17.8428    33.6382     71.891      9.076     0.1126     0.1739  1024.4688    24.2676     3.9047  0.000e+00
     45.361    17.8529    33.6397     71.920      9.075     0.1004     0.1716  1024.4671    24.2663     3.9055  0.000e+00
     45.254    17.8630    33.6470     71.906      9.078     0.1141     0.1694  1024.4698    24.2695     3.9038  0.000e+00
     45.157    17.8753    33.6520     71.980      9.080     0.1065     0.1694  1024.4702    24.2703     3.9067  0.000e+00
     45.090    17.8894    33.6535     72.081      9.078     0.1096     0.1716  1024.4676    24.2680     3.9111  0.000e+00
     45.013    17.9035    33.6497     72.118      9.079     0.1050     0.1724  1024.4609    24.2616     3.9122  0.000e+00
     44.921    17.9165    33.6454     72.151      9.078     0.1126     0.1716  1024.4540    24.2552     3.9131  0.000e+00
     44.833    17.9268    33.6429     72.172      9.077     0.1172     0.1762  1024.4492    24.2508     3.9135  0.000e+00
     44.760    17.9359    33.6420     72.149      9.078     0.1340     0.1694  1024.4459    24.2478     3.9117  0.000e+00
     44.670    17.9453    33.6451     72.216      9.078     0.1416     0.1762  1024.4456    24.2479     3.9145  0.000e+00
     44.589    17.9558    33.6456     72.203      9.078     0.1309     0.1724  1024.4431    24.2458     3.9130  0.000e+00
     44.501    17.9673    33.6467     72.209      9.080     0.1340     0.1739  1024.4408    24.2438     3.9125  0.000e+00
     44.409    17.9798    33.6518     72.214      9.079     0.1248     0.1709  1024.4412    24.2446     3.9117  0.000e+00
     44.297    17.9931    33.6442     72.308      9.078     0.1385     0.1694  1024.4316    24.2356     3.9160  0.000e+00
     44.177    18.0051    33.6356     72.443      9.079     0.1279     0.1709  1024.4215    24.2261     3.9226  0.000e+00
     44.061    18.0146    33.6376     72.635      9.078     0.1263     0.1724  1024.4203    24.2253     3.9322  0.000e+00
     43.928    18.0265    33.6332     72.717      9.079     0.1416     0.1777  1024.4134    24.2190     3.9359  0.000e+00
     43.791    18.0420    33.6092     72.834      9.082     0.1111     0.1678  1024.3906    24.1968     3.9416  0.000e+00
     43.650    18.0562    33.5802     72.866      9.081     0.1202     0.1709  1024.3643    24.1711     3.9430  0.000e+00
     43.493    18.0667    33.5568     72.966      9.081     0.1065     0.1762  1024.3432    24.1507     3.9481  0.000e+00
     43.338    18.0731    33.5421     73.036      9.079     0.1065     0.1755  1024.3296    24.1379     3.9518  0.000e+00
     43.189    18.0762    33.5268     73.198      9.082     0.1385     0.1716  1024.3165    24.1254     3.9607  0.000e+00
     43.034    18.0774    33.5155     73.318      9.084     0.1370     0.1709  1024.3069    24.1165     3.9674  0.000e+00
     42.893    18.0797    33.5064     73.647      9.084     0.1370     0.1762  1024.2987    24.1089     3.9852  0.000e+00
     42.765    18.0837    33.4987     73.977      9.082     0.1340     0.1739  1024.2913    24.1021     4.0030  0.000e+00
     42.648    18.0905    33.4937     74.341      9.084     0.1172     0.1823  1024.2853    24.0965     4.0223  0.000e+00
     42.525    18.1020    33.4923     74.747      9.084     0.1157     0.1846  1024.2809    24.0927     4.0434  0.000e+00
     42.432    18.1200    33.4856     75.119      9.087     0.0958     0.1861  1024.2709    24.0831     4.0623  0.000e+00
     42.331    18.1409    33.4806     75.582      9.089     0.1187     0.1823  1024.2615    24.0742     4.0858  0.000e+00
     42.244    18.1624    33.4819     75.932      9.088     0.1126     0.2220  1024.2568    24.0699     4.1030  0.000e+00
     42.151    18.1873    33.4800     76.357      9.089     0.1141     0.2182  1024.2488    24.0624     4.1241  0.000e+00
     42.055    18.2152    33.4771     76.592      9.090     0.1019     0.2228  1024.2393    24.0533     4.1347  0.000e+00
     41.950    18.2451    33.4681     76.952      9.092     0.1080     0.2212  1024.2246    24.0390     4.1520  0.000e+00
     41.851    18.2741    33.4705     77.197      9.091     0.1080     0.2182  1024.2188    24.0338     4.1629  0.000e+00
     41.729    18.3049    33.4708     77.428      9.095     0.0973     0.2205  1024.2109    24.0263     4.1729  0.000e+00
     41.615    18.3381    33.4690     77.632      9.093     0.1157     0.2167  1024.2008    24.0168     4.1813  0.000e+00
     41.485    18.3740    33.4709     77.770      9.094     0.1141     0.2228  1024.1928    24.0094     4.1859  0.000e+00
     41.356    18.4137    33.4572     77.918      9.096     0.1202     0.2212  1024.1719    23.9891     4.1911  0.000e+00
     41.217    18.4521    33.4371     78.007      9.095     0.1492     0.2220  1024.1463    23.9641     4.1933  0.000e+00
     41.087    18.4848    33.4294     78.037      9.097     0.1324     0.2235  1024.1318    23.9502     4.1925  0.000e+00
     40.959    18.5149    33.4175     77.965      9.095     0.1401     0.2220  1024.1146    23.9336     4.1866  0.000e+00
     40.835    18.5416    33.4053     78.095      9.095     0.1294     0.2212  1024.0981    23.9177     4.1918  0.000e+00
     40.714    18.5651    33.4044     78.137      9.096     0.0775     0.2273  1024.0910    23.9111     4.1922  0.000e+00
     40.597    18.5886    33.3917     78.219      9.095     0.0867     0.2350  1024.0749    23.8955     4.1950  0.000e+00
     40.516    18.6083    33.3885     78.360      9.097     0.0836     0.2327  1024.0672    23.8882     4.2011  0.000e+00
     40.487    18.6261    33.3578     78.439      9.101     0.0882     0.2327  1024.0392    23.8603     4.2047  0.000e+00
     40.501    18.6316    33.3499     78.482      9.098     0.1096     0.2418  1024.0318    23.8529     4.2068  0.000e+00
     40.536    18.6289    33.3403     78.510      9.097     0.1034     0.2434  1024.0253    23.8462     4.2087  0.000e+00
     40.591    18.6201    33.3539     78.494      9.098     0.1141     0.2434  1024.0381    23.8588     4.2083  0.000e+00
     40.645    18.6158    33.3734     78.403      9.098     0.1065     0.2479  1024.0543    23.8747     4.2032  0.000e+00
     40.691    18.6216    33.3827     78.356      9.100     0.1141     0.2693  1024.0602    23.8804     4.2000  0.000e+00
     40.741    18.6339    33.3725     78.358      9.100     0.1233     0.2701  1024.0496    23.8696     4.1994  0.000e+00
     40.811    18.6447    33.3664     78.364      9.100     0.1172     0.2693  1024.0426    23.8623     4.1991  0.000e+00
     40.882    18.6530    33.3564     78.343      9.100     0.1172     0.2716  1024.0331    23.8525     4.1975  0.000e+00
     40.952    18.6568    33.3456     78.324      9.102     0.1126     0.2670  1024.0242    23.8433     4.1965  0.000e+00
     41.020    18.6548    33.3455     78.254      9.102     0.1172     0.2655  1024.0249    23.8437     4.1928  0.000e+00
     41.082    18.6503    33.3473     78.321      9.102     0.1141     0.2670  1024.0277    23.8462     4.1968  0.000e+00
     41.132    18.6467    33.3512     78.317      9.100     0.1065     0.2640  1024.0319    23.8501     4.1968  0.000e+00
     41.168    18.6448    33.3453     78.275      9.098     0.1126     0.2670  1024.0279    23.8461     4.1948  0.000e+00
     41.184    18.6408    33.3400     78.204      9.100     0.1294     0.2594  1024.0250    23.8430     4.1914  0.000e+00
     41.201    18.6326    33.3391     78.172      9.100     0.1385     0.2556  1024.0264    23.8444     4.1904  0.000e+00
     41.204    18.6223    33.3399     78.200      9.100     0.1401     0.2586  1024.0296    23.8476     4.1927  0.000e+00
     41.195    18.6111    33.3452     78.214      9.101     0.1401     0.2563  1024.0364    23.8544     4.1942  0.000e+00
     41.172    18.6012    33.3519     78.178      9.101     0.0973     0.2724  1024.0439    23.8620     4.1929  0.000e+00
     41.143    18.5942    33.3601     78.229      9.102     0.0912     0.2708  1024.0518    23.8700     4.1960  0.000e+00
     41.116    18.5909    33.3601     78.240      9.102     0.0821     0.2708  1024.0525    23.8708     4.1968  0.000e+00
     41.080    18.5882    33.3635     78.233      9.102     0.0836     0.2724  1024.0556    23.8741     4.1965  0.000e+00
     41.044    18.5867    33.3647     78.315      9.104     0.1050     0.2449  1024.0567    23.8754     4.2010  0.000e+00
     41.017    18.5861    33.3654     78.320      9.102     0.1111     0.2426  1024.0573    23.8761     4.2013  0.000e+00
     40.981    18.5861    33.3652     78.380      9.101     0.1096     0.2449  1024.0570    23.8759     4.2046  0.000e+00
     40.963    18.5861    33.3678     78.268      9.102     0.1034     0.2411  1024.0589    23.8779     4.1985  0.000e+00
     40.935    18.5874    33.3673     78.353      9.102     0.1370     0.2807  1024.0581    23.8772     4.2030  0.000e+00
     40.917    18.5888    33.3663     78.319      9.100     0.1324     0.2807  1024.0569    23.8761     4.2010  0.000e+00
     40.907    18.5899    33.3660     78.250      9.100     0.1340     0.2807  1024.0563    23.8756     4.1972  0.000e+00
     40.908    18.5908    33.3652     78.284      9.103     0.1340     0.2807  1024.0555    23.8747     4.1991  0.000e+00
     40.925    18.5915    33.3659     78.248      9.101     0.1111     0.2395  1024.0559    23.8751     4.1970  0.000e+00
     40.950    18.5926    33.3650     78.305      9.100     0.1111     0.2479  1024.0551    23.8742     4.2000  0.000e+00
     40.986    18.5934    33.3645     78.287      9.099     0.1141     0.2449  1024.0547    23.8736     4.1990  0.000e+00
     41.040    18.5941    33.3640     78.290      9.099     0.1126     0.2434  1024.0544    23.8730     4.1991  0.000e+00
     41.108    18.5940    33.3631     78.353      9.101     0.1034     0.2434  1024.0540    23.8723     4.2025  0.000e+00
     41.190    18.5935    33.3624     78.369      9.102     0.0836     0.2525  1024.0540    23.8719     4.2034  0.000e+00
     41.278    18.5926    33.3629     78.399      9.100     0.0897     0.2594  1024.0549    23.8725     4.2051  0.000e+00
     41.373    18.5915    33.3609     78.421      9.102     0.0867     0.2540  1024.0541    23.8713     4.2064  0.000e+00
     41.482    18.5895    33.3578     78.500      9.102     0.0943     0.2586  1024.0527    23.8694     4.2109  0.000e+00
     41.590    18.5848    33.3506     78.403      9.100     0.1065     0.2472  1024.0488    23.8650     4.2062  0.000e+00
     41.689    18.5758    33.3491     78.443      9.099     0.1080     0.2479  1024.0504    23.8662     4.2092  0.000e+00
     41.786    18.5625    33.3493     78.469      9.100     0.1141     0.2456  1024.0543    23.8697     4.2116  0.000e+00
     41.858    18.5491    33.3544     78.383      9.099     0.1080     0.2472  1024.0618    23.8768     4.2079  0.000e+00
     41.918    18.5358    33.3449     78.378      9.100     0.0592     0.2334  1024.0581    23.8729     4.2089  0.000e+00
     41.952    18.5174    33.3453     78.330      9.100     0.0577     0.2334  1024.0632    23.8778     4.2078  0.000e+00
     41.968    18.4939    33.3074     78.254      9.100     0.0516     0.2281  1024.0401    23.8546     4.2065  0.000e+00
     41.959    18.4534    33.3174     78.169      9.097     0.0622     0.2319  1024.0579    23.8724     4.2049  0.000e+00
     41.928    18.4086    33.3376     78.113      9.100     0.1141     0.2212  1024.0842    23.8988     4.2050  0.000e+00
     41.867    18.3701    33.3640     77.968      9.098     0.1004     0.2205  1024.1137    23.9286     4.1995  0.000e+00
     41.800    18.3427    33.3839     77.784      9.099     0.1141     0.2205  1024.1354    23.9505     4.1913  0.000e+00
     41.709    18.3247    33.4073     77.576      9.099     0.1141     0.2205  1024.1573    23.9729     4.1809  0.000e+00
     41.615    18.3184    33.4312     77.445      9.099     0.1294     0.2235  1024.1767    23.9927     4.1737  0.000e+00
     41.512    18.3265    33.4437     77.320      9.103     0.1340     0.2220  1024.1838    24.0003     4.1661  0.000e+00
     41.420    18.3444    33.4274     77.217      9.098     0.1401     0.2235  1024.1666    23.9834     4.1595  0.000e+00
     41.341    18.3580    33.4121     77.172      9.099     0.1309     0.2235  1024.1511    23.9683     4.1564  0.000e+00
     41.280    18.3637    33.4145     77.225      9.098     0.1202     0.2189  1024.1513    23.9688     4.1588  0.000e+00
     41.242    18.3685    33.4099     77.232      9.099     0.1096     0.2151  1024.1464    23.9641     4.1589  0.000e+00
     41.236    18.3730    33.4050     77.305      9.101     0.1004     0.2106  1024.1415    23.9592     4.1626  0.000e+00
     41.245    18.3749    33.4044     77.448      9.099     0.1080     0.2121  1024.1406    23.9583     4.1701  0.000e+00
     41.276    18.3762    33.4051     77.509      9.100     0.1111     0.2090  1024.1410    23.9585     4.1733  0.000e+00
     41.339    18.3774    33.4059     77.617      9.099     0.0912     0.2327  1024.1416    23.9588     4.1790  0.000e+00
     41.411    18.3790    33.4102     77.691      9.100     0.0958     0.2296  1024.1448    23.9617     4.1828  0.000e+00
     41.492    18.3825    33.4098     77.792      9.099     0.0867     0.2319  1024.1440    23.9606     4.1879  0.000e+00
     41.575    18.3864    33.4054     77.834      9.101     0.0867     0.2334  1024.1400    23.9562     4.1900  0.000e+00
     41.669    18.3885    33.4007     77.797      9.099     0.1309     0.2304  1024.1363    23.9521     4.1880  0.000e+00
     41.755    18.3879    33.3934     77.765      9.101     0.1355     0.2296  1024.1313    23.9466     4.1865  0.000e+00
     41.836    18.3842    33.3929     77.632      9.097     0.1309     0.2365  1024.1322    23.9472     4.1796  0.000e+00
     41.901    18.3787    33.3876     77.576      9.100     0.1340     0.2342  1024.1298    23.9445     4.1771  0.000e+00
     41.959    18.3710    33.3905     77.486      9.099     0.0912     0.2060  1024.1342    23.9487     4.1728  0.000e+00
     41.988    18.3622    33.3924     77.499      9.097     0.0836     0.2067  1024.1379    23.9522     4.1742  0.000e+00
     42.004    18.3543    33.3893     77.441      9.097     0.0836     0.2113  1024.1376    23.9519     4.1718  0.000e+00
     41.979    18.3428    33.3587     77.547      9.096     0.0867     0.2136  1024.1169    23.9312     4.1791  0.000e+00
     41.921    18.3159    33.3686     77.537      9.098     0.0836     0.2044  1024.1309    23.9455     4.1805  0.000e+00
     41.827    18.2872    33.3812     77.585      9.100     0.0882     0.2083  1024.1472    23.9622     4.1850  0.000e+00
     41.716    18.2630    33.4130     77.568      9.098     0.0821     0.2090  1024.1770    23.9925     4.1852  0.000e+00
     41.598    18.2522    33.4356     77.519      9.098     0.0897     0.2090  1024.1964    24.0124     4.1828  0.000e+00
     41.478    18.2548    33.4463     77.397      9.098     0.1096     0.2090  1024.2034    24.0200     4.1758  0.000e+00
     41.352    18.2665    33.4493     77.239      9.098     0.1141     0.2060  1024.2023    24.0194     4.1663  0.000e+00
     41.220    18.2824    33.4524     77.098      9.097     0.1141     0.2098  1024.2001    24.0178     4.1573  0.000e+00
