data/CTD/원시자료/20220816-0817_현장조사/20220816-0817_CTD/St.6.cnv
* Sea-Bird SBE 19plus V2 Data File:
* FileName = D:\CTD\DATA\20220816-20220818_MABIC\St. 6.hex
* Software Version Seasave V 7.26.7.121
* Temperature SN = 7832
* Conductivity SN = 7832
* System UpLoad Time = Aug 17 2022 15:05:39
** Ship:
** Station:
** Operator:
# nquan = 11
# nvalues = 2016                                  
# units = specified
# name 0 = depSM: Depth [salt water, m], lat = 0.00
# name 1 = tv290C: Temperature [ITS-90, deg C]
# name 2 = sal00: Salinity, Practical [PSU]
# name 3 = sbeox0PS: Oxygen, SBE 43 [% saturation]
# name 4 = ph: pH
# name 5 = turbWETntu0: Turbidity, WET Labs ECO [NTU]
# name 6 = flECO-AFL: Fluorescence, WET Labs ECO-AFL/FL [mg/m^3]
# name 7 = density00: Density [density, kg/m^3]
# name 8 = sigma-t00: Density [sigma-t, kg/m^3 ]
# name 9 = sbeox0ML/L: Oxygen, SBE 43 [ml/l]
# name 10 = flag:  0.000e+00
# span 0 =     -0.057,     81.729                 
# span 1 =    15.8262,    26.7873                 
# span 2 =     2.7304,    34.3626                 
# span 3 =     60.102,    108.478                 
# span 4 =      8.832,      9.220                 
# span 5 =     0.0241,    16.6229                 
# span 6 =    -0.0786,     1.0353                 
# span 7 =   998.7813,  1025.6510                 
# span 8 =    -1.2185,    25.2925                 
# span 9 =     3.1982,     5.7077                 
# span 10 = 0.0000e+00, 0.0000e+00                
# interval = seconds: 0.25
# start_time = Aug 17 2022 06:05:39 [System UTC, header]
# bad_flag = -9.990e-29
*END*
[from data line 525]
     28.840    23.1770    33.0168     93.476      9.174     0.1401     0.4036  1022.5055    22.3796     4.6229  0.000e+00
     28.880    23.1789    33.0147     93.602      9.175     0.1340     0.4051  1022.5035    22.3775     4.6291  0.000e+00
     28.923    23.1805    33.0151     93.588      9.174     0.0836     0.4539  1022.5036    22.3773     4.6282  0.000e+00
     28.979    23.1823    33.0096     93.602      9.174     0.0867     0.4509  1022.4991    22.3726     4.6289  0.000e+00
     29.039    23.1817    32.9808     93.553      9.173     0.0943     0.4478  1022.4778    22.3510     4.6273  0.000e+00
     29.109    23.1682    32.9547     93.548      9.176     0.0928     0.4478  1022.4622    22.3351     4.6289  0.000e+00
     29.194    23.1396    32.9313     93.570      9.176     0.0775     0.4509  1022.4531    22.3256     4.6329  0.000e+00
     29.300    23.0984    32.9313     93.483      9.174     0.1111     0.4165  1022.4653    22.3374     4.6319  0.000e+00
     29.404    23.0533    32.9281     93.278      9.176     0.1019     0.4173  1022.4763    22.3478     4.6255  0.000e+00
     29.531    23.0061    32.9171     93.145      9.174     0.1096     0.4150  1022.4820    22.3530     4.6230  0.000e+00
     29.660    22.9550    32.9064     93.110      9.174     0.1096     0.4150  1022.4890    22.3594     4.6258  0.000e+00
     29.808    22.8996    32.8571     93.077      9.175     0.0867     0.4257  1022.4681    22.3379     4.6300  0.000e+00
     29.958    22.8284    32.8631     93.054      9.176     0.0867     0.4295  1022.4936    22.3627     4.6345  0.000e+00
     30.102    22.7498    32.8283     92.947      9.174     0.0790     0.4265  1022.4902    22.3586     4.6365  0.000e+00
     30.253    22.6683    32.8421     92.890      9.174     0.0851     0.4265  1022.5244    22.3921     4.6400  0.000e+00
     30.405    22.5924    32.8430     92.996      9.177     0.1065     0.4509  1022.5472    22.4142     4.6514  0.000e+00
     30.540    22.5190    32.8599     93.128      9.177     0.1004     0.4516  1022.5812    22.4477     4.6637  0.000e+00
     30.675    22.4554    32.8746     93.215      9.176     0.1172     0.4494  1022.6109    22.4767     4.6729  0.000e+00
     30.810    22.3979    32.9069     93.306      9.178     0.1111     0.4509  1022.6521    22.5174     4.6814  0.000e+00
     30.931    22.3514    32.9283     93.424      9.177     0.1157     0.4509  1022.6819    22.5466     4.6905  0.000e+00
     31.039    22.3190    32.9401     93.484      9.177     0.1096     0.4463  1022.7005    22.5647     4.6960  0.000e+00
     31.133    22.2899    32.9568     93.534      9.179     0.1141     0.4486  1022.7216    22.5854     4.7004  0.000e+00
     31.216    22.2680    32.9777     93.618      9.177     0.1096     0.4539  1022.7440    22.6074     4.7059  0.000e+00
     31.293    22.2541    32.9892     93.747      9.177     0.1126     0.4631  1022.7570    22.6200     4.7133  0.000e+00
     31.364    22.2476    32.9963     93.910      9.176     0.1157     0.4639  1022.7644    22.6272     4.7218  0.000e+00
     31.425    22.2443    32.9996     94.031      9.175     0.1141     0.4616  1022.7681    22.6306     4.7280  0.000e+00
     31.488    22.2416    32.9994     94.118      9.177     0.1126     0.4631  1022.7690    22.6312     4.7326  0.000e+00
     31.556    22.2410    32.9969     94.151      9.176     0.1096     0.4585  1022.7676    22.6295     4.7344  0.000e+00
     31.618    22.2409    32.9916     94.272      9.176     0.1065     0.4524  1022.7639    22.6255     4.7407  0.000e+00
     31.692    22.2379    32.9835     94.312      9.176     0.1050     0.4509  1022.7589    22.6202     4.7432  0.000e+00
     31.780    22.2281    32.9708     94.301      9.176     0.1172     0.4494  1022.7524    22.6133     4.7438  0.000e+00
     31.881    22.2094    32.9622     94.179      9.175     0.1096     0.4555  1022.7516    22.6120     4.7395  0.000e+00
     31.996    22.1825    32.9659     94.086      9.176     0.0653     0.4951  1022.7623    22.6223     4.7369  0.000e+00
     32.130    22.1523    32.9283     93.984      9.176     0.0607     0.4997  1022.7429    22.6022     4.7354  0.000e+00
     32.274    22.1054    32.8968     93.827      9.173     0.0592     0.4944  1022.7326    22.5913     4.7323  0.000e+00
     32.436    22.0344    32.8966     93.710      9.175     0.0668     0.4982  1022.7529    22.6109     4.7324  0.000e+00
     32.602    21.9514    32.9104     93.582      9.172     0.1034     0.4707  1022.7871    22.6444     4.7326  0.000e+00
     32.773    21.8747    32.9375     93.482      9.174     0.1080     0.4822  1022.8298    22.6862     4.7333  0.000e+00
     32.944    21.8066    32.9398     93.348      9.173     0.1096     0.4745  1022.8510    22.7067     4.7322  0.000e+00
     33.105    21.7345    32.9590     93.216      9.175     0.1141     0.4753  1022.8862    22.7412     4.7310  0.000e+00
     33.251    21.6694    32.9948     93.084      9.174     0.0684     0.4738  1022.9319    22.7862     4.7289  0.000e+00
     33.370    21.6190    33.0227     92.920      9.174     0.0577     0.4753  1022.9675    22.8212     4.7240  0.000e+00
     33.467    21.5818    33.0485     92.848      9.173     0.0638     0.4753  1022.9978    22.8511     4.7228  0.000e+00
     33.539    21.5578    33.0649     92.677      9.173     0.0684     0.4753  1023.0170    22.8700     4.7157  0.000e+00
     33.590    21.5414    33.0756     92.622      9.172     0.1065     0.4753  1023.0299    22.8827     4.7140  0.000e+00
     33.627    21.5317    33.0952     92.737      9.172     0.1034     0.4715  1023.0476    22.9002     4.7201  0.000e+00
     33.649    21.5321    33.0979     92.705      9.171     0.0958     0.4692  1023.0497    22.9022     4.7184  0.000e+00
     33.667    21.5374    33.0983     92.819      9.170     0.1172     0.4783  1023.0486    22.9010     4.7237  0.000e+00
     33.687    21.5429    33.0892     92.925      9.169     0.1096     0.4883  1023.0403    22.8926     4.7289  0.000e+00
     33.718    21.5451    33.0730     93.095      9.172     0.1157     0.4867  1023.0274    22.8796     4.7378  0.000e+00
     33.764    21.5387    33.0581     93.174      9.170     0.1157     0.4867  1023.0181    22.8701     4.7428  0.000e+00
     33.828    21.5226    33.0402     93.222      9.170     0.1080     0.4913  1023.0092    22.8609     4.7471  0.000e+00
     33.919    21.4944    33.0254     93.164      9.171     0.1034     0.4822  1023.0061    22.8574     4.7470  0.000e+00
     34.031    21.4550    33.0285     93.132      9.168     0.1080     0.4707  1023.0197    22.8705     4.7486  0.000e+00
     34.163    21.4082    33.0106     93.101      9.169     0.1050     0.4745  1023.0195    22.8697     4.7516  0.000e+00
     34.305    21.3492    33.0247     92.983      9.169     0.1157     0.4715  1023.0469    22.8965     4.7502  0.000e+00
     34.473    21.2903    33.0221     92.701      9.169     0.1034     0.4753  1023.0617    22.9105     4.7409  0.000e+00
     34.649    21.2290    33.0223     92.399      9.166     0.0516     0.4707  1023.0793    22.9273     4.7306  0.000e+00
     34.840    21.1610    33.0068     92.136      9.168     0.0607     0.4707  1023.0868    22.9339     4.7234  0.000e+00
     35.035    21.0814    32.9821     91.841      9.167     0.0561     0.4707  1023.0904    22.9366     4.7157  0.000e+00
     35.241    20.9826    32.9570     91.653      9.162     0.0684     0.4791  1023.0988    22.9441     4.7152  0.000e+00
     35.432    20.8631    32.9502     91.502      9.163     0.1004     0.4867  1023.1266    22.9710     4.7179  0.000e+00
     35.614    20.7309    33.0106     91.204      9.159     0.0912     0.4883  1023.2087    23.0522     4.7121  0.000e+00
     35.770    20.6134    33.0768     91.146      9.158     0.0973     0.4875  1023.2911    23.1339     4.7174  0.000e+00
     35.902    20.5246    33.1172     90.968      9.158     0.0851     0.4890  1023.3461    23.1883     4.7147  0.000e+00
     36.001    20.4531    33.1596     90.798      9.155     0.1111     0.5165  1023.3977    23.2395     4.7109  0.000e+00
     36.088    20.3968    33.2092     90.592      9.156     0.1141     0.5257  1023.4508    23.2921     4.7036  0.000e+00
     36.160    20.3633    33.2382     90.316      9.154     0.1157     0.5234  1023.4820    23.3231     4.6913  0.000e+00
     36.223    20.3473    33.2515     90.023      9.155     0.1080     0.5272  1023.4967    23.3374     4.6771  0.000e+00
     36.284    20.3386    33.2714     89.810      9.154     0.1111     0.5409  1023.5144    23.3549     4.6662  0.000e+00
     36.345    20.3408    33.2536     89.621      9.155     0.1050     0.5394  1023.5005    23.3407     4.6568  0.000e+00
     36.416    20.3383    33.2407     89.407      9.155     0.1065     0.5340  1023.4917    23.3316     4.6462  0.000e+00
     36.499    20.3256    33.2248     89.214      9.155     0.1111     0.5363  1023.4833    23.3228     4.6377  0.000e+00
     36.596    20.3046    33.2045     89.069      9.152     0.1096     0.5394  1023.4738    23.3129     4.6324  0.000e+00
     36.704    20.2698    33.1972     89.008      9.152     0.1065     0.5188  1023.4779    23.3165     4.6324  0.000e+00
     36.834    20.2275    33.2211     88.964      9.151     0.1172     0.5264  1023.5079    23.3458     4.6331  0.000e+00
     36.976    20.1899    33.2215     88.857      9.150     0.1141     0.5241  1023.5187    23.3560     4.6307  0.000e+00
     37.135    20.1526    33.2305     88.652      9.149     0.1096     0.5249  1023.5360    23.3727     4.6230  0.000e+00
     37.306    20.1155    33.2334     88.383      9.150     0.1080     0.4814  1023.5487    23.3846     4.6120  0.000e+00
     37.485    20.0796    33.2319     88.045      9.150     0.1172     0.4867  1023.5578    23.3929     4.5974  0.000e+00
     37.674    20.0398    33.2020     87.682      9.147     0.1019     0.4875  1023.5463    23.3805     4.5826  0.000e+00
     37.863    19.9857    33.1885     87.265      9.143     0.1126     0.4860  1023.5510    23.3843     4.5657  0.000e+00
     38.063    19.9223    33.1979     86.785      9.141     0.0851     0.4753  1023.5755    23.4079     4.5456  0.000e+00
     38.249    19.8610    33.1676     86.161      9.140     0.0851     0.4745  1023.5693    23.4009     4.5189  0.000e+00
     38.418    19.7913    33.1672     85.537      9.140     0.0897     0.4783  1023.5878    23.4186     4.4920  0.000e+00
     38.579    19.7186    33.1996     84.785      9.138     0.0836     0.4700  1023.6320    23.4621     4.4576  0.000e+00
     38.717    19.6597    33.2169     83.863      9.138     0.1111     0.4402  1023.6611    23.4905     4.4134  0.000e+00
     38.851    19.6121    33.1986     82.778      9.138     0.1111     0.4417  1023.6600    23.4889     4.3606  0.000e+00
     38.977    19.5606    33.2179     81.684      9.140     0.1065     0.4394  1023.6886    23.5168     4.3066  0.000e+00
     39.087    19.5129    33.2410     80.599      9.140     0.1034     0.4394  1023.7190    23.5467     4.2526  0.000e+00
     39.191    19.4760    33.2679     79.651      9.138     0.1157     0.4349  1023.7494    23.5766     4.2048  0.000e+00
     39.292    19.4524    33.2779     78.792      9.136     0.0806     0.3891  1023.7635    23.5903     4.1610  0.000e+00
     39.393    19.4346    33.2886     78.108      9.140     0.0821     0.3883  1023.7767    23.6030     4.1260  0.000e+00
     39.500    19.4213    33.3061     77.831      9.139     0.0897     0.3883  1023.7939    23.6198     4.1119  0.000e+00
     39.606    19.4155    33.3004     77.774      9.139     0.0928     0.3959  1023.7916    23.6170     4.1095  0.000e+00
     39.716    19.4112    33.2896     77.827      9.138     0.0836     0.3883  1023.7849    23.6098     4.1129  0.000e+00
     39.822    19.4008    33.2818     77.943      9.139     0.0912     0.3906  1023.7821    23.6065     4.1200  0.000e+00
     39.939    19.3857    33.2640     78.122      9.139     0.0851     0.3876  1023.7729    23.5968     4.1311  0.000e+00
     40.049    19.3643    33.2767     78.408      9.137     0.0851     0.3937  1023.7886    23.6120     4.1475  0.000e+00
     40.170    19.3440    33.2831     78.577      9.138     0.0638     0.3952  1023.7992    23.6220     4.1579  0.000e+00
     40.285    19.3272    33.2875     78.738      9.137     0.0607     0.3921  1023.8074    23.6297     4.1676  0.000e+00
     40.403    19.3128    33.2927     78.760      9.139     0.0638     0.3883  1023.8155    23.6374     4.1697  0.000e+00
     40.513    19.3006    33.3105     78.851      9.136     0.0577     0.3937  1023.8327    23.6540     4.1750  0.000e+00
     40.626    19.2953    33.3001     78.837      9.135     0.1065     0.3921  1023.8266    23.6475     4.1750  0.000e+00
     40.738    19.2876    33.2952     78.795      9.138     0.1126     0.3883  1023.8253    23.6456     4.1735  0.000e+00
     40.855    19.2759    33.2998     78.748      9.137     0.1050     0.3952  1023.8323    23.6522     4.1718  0.000e+00
     40.972    19.2649    33.3000     78.648      9.137     0.1096     0.3906  1023.8358    23.6551     4.1673  0.000e+00
     41.091    19.2538    33.3016     78.676      9.140     0.1370     0.3670  1023.8404    23.6592     4.1696  0.000e+00
     41.206    19.2434    33.3078     78.641      9.137     0.1263     0.3677  1023.8483    23.6666     4.1685  0.000e+00
     41.333    19.2350    33.3103     78.672      9.138     0.1294     0.3670  1023.8529    23.6706     4.1707  0.000e+00
     41.457    19.2284    33.3075     78.600      9.139     0.1370     0.3654  1023.8530    23.6702     4.1674  0.000e+00
     41.594    19.2198    33.3063     78.534      9.140     0.1370     0.3692  1023.8549    23.6715     4.1647  0.000e+00
     41.726    19.2107    33.3100     78.521      9.140     0.1096     0.3441  1023.8606    23.6766     4.1646  0.000e+00
     41.877    19.2025    33.3098     78.455      9.138     0.1157     0.3479  1023.8632    23.6785     4.1617  0.000e+00
     42.030    19.1936    33.3111     78.409      9.137     0.1050     0.3425  1023.8671    23.6817     4.1599  0.000e+00
     42.192    19.1841    33.3069     78.431      9.136     0.1096     0.3425  1023.8671    23.6809     4.1619  0.000e+00
     42.362    19.1725    33.3069     78.455      9.137     0.1309     0.3563  1023.8707    23.6839     4.1641  0.000e+00
     42.540    19.1593    33.3103     78.380      9.138     0.1340     0.3570  1023.8775    23.6898     4.1610  0.000e+00
     42.720    19.1466    33.3223     78.287      9.138     0.1355     0.3578  1023.8907    23.7022     4.1568  0.000e+00
     42.904    19.1382    33.3244     78.197      9.139     0.1294     0.3570  1023.8952    23.7059     4.1526  0.000e+00
     43.083    19.1316    33.3266     78.189      9.138     0.1294     0.3517  1023.8994    23.7093     4.1526  0.000e+00
     43.256    19.1259    33.3259     78.049      9.139     0.1324     0.3578  1023.9010    23.7102     4.1457  0.000e+00
     43.416    19.1198    33.3275     78.138      9.131     0.1401     0.3509  1023.9045    23.7130     4.1509  0.000e+00
     43.566    19.1137    33.3272     78.045      9.130     0.1309     0.3502  1023.9065    23.7143     4.1464  0.000e+00
     43.715    19.1076    33.3296     78.005      9.129     0.1080     0.3433  1023.9106    23.7177     4.1447  0.000e+00
     43.825    19.1004    33.2993     77.941      9.127     0.1096     0.3425  1023.8898    23.6964     4.1426  0.000e+00
     43.935    19.0842    33.3140     77.918      9.125     0.1065     0.3441  1023.9056    23.7117     4.1422  0.000e+00
     44.033    19.0680    33.3317     77.871      9.124     0.1065     0.3456  1023.9236    23.7293     4.1405  0.000e+00
     44.108    19.0582    33.3225     77.816      9.124     0.1065     0.3403  1023.9194    23.7248     4.1386  0.000e+00
     44.193    19.0480    33.3375     77.770      9.121     0.1157     0.3303  1023.9338    23.7388     4.1366  0.000e+00
