data/CTD/원시자료/20220816-0817_현장조사/20220816-0817_CTD/St.6.cnv
* Sea-Bird SBE 19plus V2 Data File:
* FileName = D:\CTD\DATA\20220816-20220818_MABIC\St. 6.hex
* Software Version Seasave V 7.26.7.121
* Temperature SN = 7832
* Conductivity SN = 7832
* System UpLoad Time = Aug 17 2022 15:05:39
** Ship:
** Station:
** Operator:
# nquan = 11
# nvalues = 2016                                  
# units = specified
# name 0 = depSM: Depth [salt water, m], lat = 0.00
# name 1 = tv290C: Temperature [ITS-90, deg C]
# name 2 = sal00: Salinity, Practical [PSU]
# name 3 = sbeox0PS: Oxygen, SBE 43 [% saturation]
# name 4 = ph: pH
# name 5 = turbWETntu0: Turbidity, WET Labs ECO [NTU]
# name 6 = flECO-AFL: Fluorescence, WET Labs ECO-AFL/FL [mg/m^3]
# name 7 = density00: Density [density, kg/m^3]
# name 8 = sigma-t00: Density [sigma-t, kg/m^3 ]
# name 9 = sbeox0ML/L: Oxygen, SBE 43 [ml/l]
# name 10 = flag:  0.000e+00
# span 0 =     -0.057,     81.729                 
# span 1 =    15.8262,    26.7873                 
# span 2 =     2.7304,    34.3626                 
# span 3 =     60.102,    108.478                 
# span 4 =      8.832,      9.220                 
# span 5 =     0.0241,    16.6229                 
# span 6 =    -0.0786,     1.0353                 
# span 7 =   998.7813,  1025.6510                 
# span 8 =    -1.2185,    25.2925                 
# span 9 =     3.1982,     5.7077                 
# span 10 = 0.0000e+00, 0.0000e+00                
# interval = seconds: 0.25
# start_time = Aug 17 2022 06:05:39 [System UTC, header]
# bad_flag = -9.990e-29
*END*
[from data line 787]
     60.330    17.4084    33.7986     67.487      9.092     0.1614     0.1564  1024.7627    24.4953     3.6924  0.000e+00
     60.482    17.4012    33.7905     67.396      9.091     0.1721     0.2205  1024.7588    24.4908     3.6881  0.000e+00
     60.637    17.3861    33.7786     67.273      9.092     0.1691     0.2235  1024.7540    24.4853     3.6827  0.000e+00
     60.799    17.3654    33.7841     67.291      9.090     0.1630     0.2228  1024.7639    24.4944     3.6850  0.000e+00
     60.968    17.3444    33.7878     67.248      9.090     0.1523     0.2235  1024.7725    24.5023     3.6840  0.000e+00
     61.134    17.3242    33.8000     67.118      9.091     0.1355     0.1632  1024.7875    24.5165     3.6781  0.000e+00
     61.291    17.3079    33.8117     67.078      9.088     0.1309     0.1640  1024.8010    24.5293     3.6768  0.000e+00
     61.437    17.2975    33.8119     67.013      9.088     0.1309     0.1625  1024.8043    24.5319     3.6740  0.000e+00
     61.567    17.2876    33.8105     66.897      9.089     0.1355     0.1594  1024.8062    24.5332     3.6683  0.000e+00
     61.687    17.2769    33.8166     66.850      9.090     0.1340     0.1587  1024.8140    24.5405     3.6663  0.000e+00
     61.801    17.2683    33.8132     66.755      9.086     0.1355     0.1594  1024.8139    24.5399     3.6618  0.000e+00
     61.909    17.2584    33.8221     66.616      9.089     0.1309     0.1671  1024.8236    24.5491     3.6547  0.000e+00
     62.016    17.2522    33.8291     66.516      9.089     0.1355     0.1579  1024.8309    24.5559     3.6495  0.000e+00
     62.116    17.2486    33.8287     66.489      9.088     0.1385     0.1617  1024.8319    24.5565     3.6483  0.000e+00
     62.221    17.2453    33.8176     66.441      9.087     0.1660     0.1579  1024.8246    24.5487     3.6461  0.000e+00
     62.327    17.2378    33.8195     66.429      9.089     0.1630     0.1510  1024.8284    24.5520     3.6460  0.000e+00
     62.437    17.2293    33.8053     66.469      9.087     0.1569     0.1587  1024.8200    24.5432     3.6490  0.000e+00
     62.545    17.2153    33.8035     66.512      9.090     0.1569     0.1579  1024.8225    24.5451     3.6524  0.000e+00
     62.661    17.1978    33.8016     66.483      9.087     0.1492     0.1625  1024.8257    24.5478     3.6521  0.000e+00
     62.776    17.1793    33.8242     66.541      9.084     0.1584     0.1556  1024.8479    24.5695     3.6561  0.000e+00
     62.890    17.1676    33.8247     66.538      9.087     0.1569     0.1648  1024.8516    24.5726     3.6567  0.000e+00
     63.010    17.1586    33.8213     66.460      9.087     0.1538     0.1632  1024.8517    24.5722     3.6531  0.000e+00
     63.128    17.1479    33.8302     66.424      9.087     0.1309     0.1480  1024.8615    24.5815     3.6517  0.000e+00
     63.250    17.1396    33.8283     66.372      9.086     0.1355     0.1419  1024.8626    24.5821     3.6495  0.000e+00
     63.373    17.1311    33.8312     66.223      9.089     0.1370     0.1411  1024.8674    24.5863     3.6418  0.000e+00
     63.492    17.1221    33.8360     66.156      9.086     0.1355     0.1426  1024.8737    24.5921     3.6387  0.000e+00
     63.612    17.1158    33.8330     66.179      9.087     0.1645     0.1526  1024.8735    24.5913     3.6404  0.000e+00
     63.735    17.1079    33.8312     66.140      9.087     0.1584     0.1503  1024.8745    24.5918     3.6389  0.000e+00
     63.861    17.0981    33.8371     66.099      9.086     0.1630     0.1526  1024.8819    24.5986     3.6372  0.000e+00
     63.975    17.0908    33.8391     66.122      9.086     0.1645     0.1549  1024.8857    24.6019     3.6389  0.000e+00
     64.092    17.0844    33.8432     66.067      9.085     0.1828     0.1457  1024.8909    24.6066     3.6362  0.000e+00
     64.202    17.0801    33.8443     66.017      9.086     0.1767     0.1426  1024.8933    24.6085     3.6338  0.000e+00
     64.319    17.0751    33.8194     66.018      9.085     0.1813     0.1434  1024.8759    24.5905     3.6347  0.000e+00
     64.436    17.0604    33.8236     66.030      9.085     0.1843     0.1434  1024.8831    24.5972     3.6363  0.000e+00
     64.548    17.0425    33.8132     65.973      9.086     0.1843     0.1442  1024.8798    24.5934     3.6347  0.000e+00
     64.665    17.0206    33.8226     66.004      9.085     0.2072     0.1205  1024.8928    24.6059     3.6377  0.000e+00
     64.777    17.0004    33.8292     65.974      9.083     0.2026     0.1213  1024.9031    24.6156     3.6373  0.000e+00
     64.892    16.9827    33.8236     65.924      9.085     0.1981     0.1167  1024.9035    24.6155     3.6359  0.000e+00
     65.013    16.9618    33.8147     65.909      9.083     0.2164     0.1205  1024.9021    24.6136     3.6367  0.000e+00
     65.137    16.9341    33.8079     65.847      9.083     0.1767     0.1236  1024.9040    24.6149     3.6354  0.000e+00
     65.264    16.9026    33.8185     65.753      9.085     0.1965     0.1182  1024.9202    24.6305     3.6322  0.000e+00
     65.399    16.8734    33.8314     65.592      9.083     0.1797     0.1205  1024.9375    24.6472     3.6251  0.000e+00
     65.529    16.8493    33.8325     65.488      9.082     0.1767     0.1152  1024.9446    24.6537     3.6210  0.000e+00
     65.667    16.8266    33.8370     65.302      9.080     0.1935     0.1083  1024.9540    24.6625     3.6122  0.000e+00
     65.812    16.8041    33.8448     65.235      9.080     0.1965     0.1053  1024.9660    24.6737     3.6099  0.000e+00
     65.961    16.7844    33.8518     65.108      9.080     0.1889     0.1091  1024.9766    24.6837     3.6041  0.000e+00
     66.111    16.7672    33.8532     64.981      9.083     0.1858     0.1037  1024.9824    24.6888     3.5982  0.000e+00
     66.275    16.7503    33.8564     64.961      9.081     0.2133     0.1198  1024.9896    24.6953     3.5982  0.000e+00
     66.433    16.7335    33.8570     64.902      9.079     0.2072     0.1144  1024.9946    24.6996     3.5961  0.000e+00
     66.592    16.7160    33.8561     64.886      9.081     0.2148     0.1152  1024.9988    24.7031     3.5965  0.000e+00
     66.745    16.6967    33.8600     64.815      9.081     0.2057     0.1205  1025.0070    24.7105     3.5938  0.000e+00
     66.877    16.6791    33.8732     64.850      9.084     0.1828     0.1053  1025.0218    24.7248     3.5966  0.000e+00
     66.998    16.6664    33.8842     64.773      9.079     0.1782     0.1083  1025.0338    24.7362     3.5930  0.000e+00
     67.100    16.6588    33.8923     64.693      9.080     0.1797     0.1030  1025.0422    24.7442     3.5890  0.000e+00
     67.187    16.6548    33.9041     64.665      9.080     0.1797     0.1068  1025.0526    24.7542     3.5874  0.000e+00
     67.264    16.6564    33.9123     64.625      9.080     0.2331     0.1091  1025.0588    24.7600     3.5849  0.000e+00
     67.322    16.6621    33.9044     64.644      9.081     0.2286     0.1098  1025.0517    24.7527     3.5857  0.000e+00
     67.385    16.6661    33.8869     64.650      9.079     0.2301     0.1022  1025.0376    24.7383     3.5862  0.000e+00
     67.443    16.6628    33.8846     64.678      9.082     0.2454     0.1091  1025.0369    24.7373     3.5880  0.000e+00
     67.508    16.6570    33.8852     64.649      9.079     0.2331     0.1045  1025.0390    24.7392     3.5868  0.000e+00
     67.587    16.6509    33.8840     64.639      9.080     0.2316     0.0816  1025.0399    24.7397     3.5867  0.000e+00
     67.677    16.6446    33.8868     64.687      9.081     0.2301     0.0801  1025.0438    24.7432     3.5897  0.000e+00
     67.785    16.6385    33.8899     64.595      9.080     0.2499     0.0824  1025.0481    24.7470     3.5850  0.000e+00
     67.906    16.6336    33.8900     64.608      9.079     0.2255     0.0816  1025.0499    24.7482     3.5860  0.000e+00
     68.038    16.6291    33.8892     64.588      9.078     0.2270     0.0969  1025.0510    24.7487     3.5853  0.000e+00
     68.185    16.6245    33.8892     64.559      9.081     0.2286     0.0938  1025.0527    24.7498     3.5839  0.000e+00
     68.351    16.6193    33.8847     64.529      9.080     0.2377     0.0976  1025.0512    24.7475     3.5827  0.000e+00
     68.521    16.6125    33.8847     64.472      9.078     0.2347     0.0976  1025.0535    24.7491     3.5801  0.000e+00
     68.692    16.6045    33.8866     64.493      9.078     0.2881     0.1037  1025.0576    24.7524     3.5818  0.000e+00
     68.860    16.5969    33.8912     64.508      9.079     0.2774     0.1114  1025.0636    24.7577     3.5830  0.000e+00
     69.027    16.5909    33.8941     64.465      9.080     0.2942     0.1076  1025.0680    24.7613     3.5810  0.000e+00
     69.186    16.5865    33.8991     64.464      9.079     0.2942     0.1037  1025.0736    24.7662     3.5811  0.000e+00
     69.325    16.5838    33.9021     64.456      9.080     0.2652     0.0976  1025.0771    24.7691     3.5808  0.000e+00
     69.456    16.5822    33.9001     64.472      9.080     0.2652     0.0961  1025.0765    24.7679     3.5818  0.000e+00
     69.566    16.5801    33.9011     64.534      9.080     0.2515     0.0953  1025.0783    24.7692     3.5854  0.000e+00
     69.671    16.5776    33.8961     64.603      9.077     0.2637     0.0923  1025.0755    24.7660     3.5895  0.000e+00
     69.768    16.5733    33.8974     64.626      9.079     0.2515     0.0953  1025.0779    24.7680     3.5911  0.000e+00
     69.853    16.5691    33.9060     64.657      9.079     0.2621     0.0976  1025.0859    24.7755     3.5929  0.000e+00
     69.927    16.5677    33.9040     64.632      9.078     0.2621     0.0938  1025.0850    24.7743     3.5917  0.000e+00
     70.001    16.5662    33.8956     64.572      9.078     0.2637     0.0953  1025.0792    24.7682     3.5886  0.000e+00
     70.074    16.5606    33.8917     64.537      9.077     0.2789     0.0831  1025.0779    24.7666     3.5871  0.000e+00
     70.150    16.5512    33.8820     64.461      9.079     0.2820     0.0885  1025.0730    24.7613     3.5838  0.000e+00
     70.231    16.5363    33.8868     64.359      9.078     0.2820     0.0847  1025.0804    24.7684     3.5790  0.000e+00
     70.320    16.5218    33.8980     64.303      9.080     0.2896     0.0809  1025.0928    24.7804     3.5767  0.000e+00
     70.413    16.5111    33.9002     64.187      9.079     0.2774     0.0862  1025.0975    24.7846     3.5709  0.000e+00
     70.525    16.5018    33.9033     64.248      9.076     0.2850     0.0793  1025.1025    24.7891     3.5749  0.000e+00
     70.651    16.4930    33.9072     64.288      9.078     0.2728     0.0847  1025.1081    24.7941     3.5776  0.000e+00
     70.779    16.4857    33.9094     64.287      9.076     0.2820     0.0847  1025.1120    24.7974     3.5780  0.000e+00
     70.913    16.4792    33.9112     64.290      9.076     0.2881     0.0847  1025.1155    24.8004     3.5786  0.000e+00
     71.053    16.4730    33.9124     64.285      9.079     0.2789     0.0931  1025.1185    24.8027     3.5788  0.000e+00
     71.199    16.4669    33.9150     64.213      9.077     0.2789     0.0976  1025.1226    24.8061     3.5751  0.000e+00
     71.349    16.4619    33.9165     64.077      9.080     0.2805     0.1007  1025.1255    24.8084     3.5678  0.000e+00
     71.500    16.4575    33.9199     64.070      9.076     0.2835     0.0953  1025.1298    24.8121     3.5677  0.000e+00
     71.639    16.4542    33.9221     64.068      9.078     0.2743     0.0976  1025.1329    24.8145     3.5677  0.000e+00
     71.781    16.4519    33.9225     64.043      9.078     0.2866     0.0961  1025.1344    24.8153     3.5665  0.000e+00
     71.909    16.4499    33.9223     64.127      9.076     0.2896     0.0961  1025.1353    24.8157     3.5713  0.000e+00
     72.025    16.4478    33.9239     64.159      9.076     0.2820     0.0938  1025.1375    24.8173     3.5732  0.000e+00
     72.138    16.4457    33.9233     64.154      9.073     0.2591     0.0847  1025.1380    24.8174     3.5731  0.000e+00
     72.248    16.4435    33.9214     64.122      9.077     0.2560     0.0831  1025.1376    24.8165     3.5715  0.000e+00
     72.349    16.4405    33.9244     64.202      9.077     0.2530     0.0862  1025.1410    24.8195     3.5761  0.000e+00
     72.446    16.4385    33.9286     64.207      9.076     0.2576     0.0809  1025.1452    24.8232     3.5764  0.000e+00
     72.551    16.4379    33.9270     64.198      9.076     0.2805     0.0839  1025.1445    24.8221     3.5760  0.000e+00
     72.661    16.4372    33.9254     64.135      9.077     0.2881     0.0801  1025.1440    24.8210     3.5726  0.000e+00
     72.787    16.4359    33.9236     64.201      9.074     0.2789     0.0847  1025.1434    24.8199     3.5764  0.000e+00
     72.928    16.4333    33.9165     64.147      9.077     0.2774     0.0793  1025.1392    24.8150     3.5737  0.000e+00
     73.066    16.4283    33.9108     64.188      9.078     0.3110     0.0709  1025.1366    24.8118     3.5765  0.000e+00
     73.216    16.4203    33.9105     64.118      9.076     0.3094     0.0709  1025.1389    24.8134     3.5731  0.000e+00
     73.375    16.4116    33.9075     64.073      9.077     0.3049     0.0702  1025.1393    24.8131     3.5713  0.000e+00
     73.528    16.4011    33.8975     64.075      9.077     0.3079     0.0747  1025.1347    24.8078     3.5724  0.000e+00
     73.672    16.3867    33.8950     64.124      9.075     0.3003     0.1022  1025.1368    24.8092     3.5761  0.000e+00
     73.811    16.3703    33.8993     64.110      9.075     0.2957     0.1137  1025.1445    24.8164     3.5764  0.000e+00
     73.943    16.3549    33.9060     64.079      9.076     0.3049     0.1053  1025.1538    24.8250     3.5756  0.000e+00
     74.065    16.3421    33.9065     64.023      9.075     0.3049     0.1083  1025.1577    24.8284     3.5734  0.000e+00
     74.168    16.3308    33.8982     64.024      9.076     0.2972     0.1045  1025.1544    24.8246     3.5744  0.000e+00
     74.263    16.3165    33.8924     64.017      9.075     0.3033     0.0786  1025.1537    24.8234     3.5752  0.000e+00
     74.348    16.3009    33.9241     64.033      9.077     0.2957     0.0854  1025.1820    24.8514     3.5764  0.000e+00
     74.415    16.2942    33.9012     64.024      9.076     0.3094     0.0793  1025.1663    24.8353     3.5769  0.000e+00
     74.476    16.2827    33.8589     64.034      9.074     0.3079     0.0862  1025.1367    24.8055     3.5792  0.000e+00
     74.539    16.2558    33.8559     64.044      9.075     0.3018     0.0603  1025.1408    24.8093     3.5817  0.000e+00
     74.609    16.2245    33.8493     64.119      9.077     0.3033     0.0641  1025.1433    24.8114     3.5882  0.000e+00
     74.676    16.1900    33.8500     64.068      9.077     0.3094     0.0671  1025.1520    24.8198     3.5877  0.000e+00
     74.755    16.1539    33.8600     64.097      9.076     0.3140     0.0564  1025.1684    24.8358     3.5917  0.000e+00
     74.847    16.1198    33.8740     64.075      9.073     0.2743     0.0709  1025.1874    24.8543     3.5925  0.000e+00
     74.957    16.0885    33.8846     64.072      9.076     0.2682     0.0709  1025.2031    24.8696     3.5943  0.000e+00
     75.085    16.0581    33.9057     64.124      9.075     0.2774     0.0717  1025.2269    24.8927     3.5989  0.000e+00
     75.238    16.0328    33.9310     64.190      9.075     0.2850     0.0686  1025.2528    24.9179     3.6039  0.000e+00
     75.403    16.0074    33.9696     64.227      9.074     0.2545     0.0915  1025.2890    24.9534     3.6069  0.000e+00
     75.586    15.9862    34.0024     64.273      9.074     0.2576     0.0786  1025.3198    24.9834     3.6103  0.000e+00
     75.772    15.9719    34.0429     64.210      9.074     0.2576     0.0793  1025.3551    25.0178     3.6068  0.000e+00
     75.967    15.9638    34.0700     64.206      9.072     0.2591     0.0824  1025.3786    25.0405     3.6066  0.000e+00
     76.160    15.9608    34.0856     64.146      9.071     0.2545     0.0702  1025.3921    25.0532     3.6031  0.000e+00
